-1.990049751243781140e+00
-1.970149253731343197e+00
-1.950248756218905477e+00
-1.930348258706467757e+00
-1.910447761194029814e+00
-1.890547263681592094e+00
-1.870646766169154152e+00
-1.850746268656716431e+00
-1.830845771144278711e+00
-1.810945273631840768e+00
-1.791044776119403048e+00
-1.771144278606965106e+00
-1.751243781094527385e+00
-1.731343283582089665e+00
-1.711442786069651723e+00
-1.691542288557214002e+00
-1.671641791044776060e+00
-1.651741293532338339e+00
-1.631840796019900619e+00
-1.611940298507462677e+00
-1.592039800995024956e+00
-1.572139303482587014e+00
-1.552238805970149294e+00
-1.532338308457711573e+00
-1.512437810945273631e+00
-1.492537313432835910e+00
-1.472636815920397968e+00
-1.452736318407960248e+00
-1.432835820895522305e+00
-1.412935323383084585e+00
-1.393034825870646864e+00
-1.373134328358208922e+00
-1.353233830845771202e+00
-1.333333333333333259e+00
-1.313432835820895539e+00
-1.293532338308457819e+00
-1.273631840796019876e+00
-1.253731343283582156e+00
-1.233830845771144213e+00
-1.213930348258706493e+00
-1.194029850746268773e+00
-1.174129353233830830e+00
-1.154228855721393110e+00
-1.134328358208955168e+00
-1.114427860696517447e+00
-1.094527363184079727e+00
-1.074626865671641784e+00
-1.054726368159204064e+00
-1.034825870646766122e+00
-1.014925373134328401e+00
-9.950248756218905699e-01
-9.751243781094527385e-01
-9.552238805970149071e-01
-9.353233830845770758e-01
-9.154228855721393554e-01
-8.955223880597015240e-01
-8.756218905472636926e-01
-8.557213930348258613e-01
-8.358208955223880299e-01
-8.159203980099503095e-01
-7.960199004975124781e-01
-7.761194029850746468e-01
-7.562189054726368154e-01
-7.363184079601989840e-01
-7.164179104477612636e-01
-6.965174129353234322e-01
-6.766169154228856009e-01
-6.567164179104477695e-01
-6.368159203980099381e-01
-6.169154228855722177e-01
-5.970149253731343864e-01
-5.771144278606965550e-01
-5.572139303482587236e-01
-5.373134328358208922e-01
-5.174129353233831718e-01
-4.975124378109453405e-01
-4.776119402985075091e-01
-4.577114427860696777e-01
-4.378109452736318463e-01
-4.179104477611941260e-01
-3.980099502487562946e-01
-3.781094527363184632e-01
-3.582089552238806318e-01
-3.383084577114428004e-01
-3.184079601990049690e-01
-2.985074626865671377e-01
-2.786069651741294173e-01
-2.587064676616915859e-01
-2.388059701492537545e-01
-2.189054726368159232e-01
-1.990049751243780918e-01
-1.791044776119403714e-01
-1.592039800995025400e-01
-1.393034825870647087e-01
-1.194029850746268773e-01
-9.950248756218904589e-02
-7.960199004975132553e-02
-5.970149253731349415e-02
-3.980099502487566276e-02
-1.990049751243783138e-02
1.110223024625156540e-16
1.990049751243794240e-02
3.980099502487566276e-02
5.970149253731338312e-02
7.960199004975110348e-02
9.950248756218904589e-02
1.194029850746269883e-01
1.393034825870647087e-01
1.592039800995024290e-01
1.791044776119401494e-01
1.990049751243780918e-01
2.189054726368160342e-01
2.388059701492537545e-01
2.587064676616914749e-01
2.786069651741291953e-01
2.985074626865671377e-01
3.184079601990050801e-01
3.383084577114428004e-01
3.582089552238805208e-01
3.781094527363182412e-01
3.980099502487561836e-01
4.179104477611941260e-01
4.378109452736318463e-01
4.577114427860695667e-01
4.776119402985072870e-01
4.975124378109452294e-01
5.174129353233831718e-01
5.373134328358208922e-01
5.572139303482586126e-01
5.771144278606963329e-01
5.970149253731342753e-01
6.169154228855722177e-01
6.368159203980099381e-01
6.567164179104476585e-01
6.766169154228853788e-01
6.965174129353233212e-01
7.164179104477612636e-01
7.363184079601989840e-01
7.562189054726367043e-01
7.761194029850744247e-01
7.960199004975123671e-01
8.159203980099503095e-01
8.358208955223880299e-01
8.557213930348257502e-01
8.756218905472634706e-01
8.955223880597014130e-01
9.154228855721393554e-01
9.353233830845770758e-01
9.552238805970147961e-01
9.751243781094525165e-01
9.950248756218904589e-01
1.014925373134328401e+00
1.034825870646766122e+00
1.054726368159203842e+00
1.074626865671641562e+00
1.094527363184079505e+00
1.114427860696517447e+00
1.134328358208955168e+00
1.154228855721392888e+00
1.174129353233830608e+00
1.194029850746268551e+00
1.213930348258706493e+00
1.233830845771144213e+00
1.253731343283581934e+00
1.273631840796019876e+00
1.293532338308457819e+00
1.313432835820895539e+00
1.333333333333333259e+00
1.353233830845770980e+00
1.373134328358208922e+00
1.393034825870646864e+00
1.412935323383084585e+00
1.432835820895522305e+00
1.452736318407960026e+00
1.472636815920397968e+00
1.492537313432835910e+00
1.512437810945273631e+00
1.532338308457711351e+00
1.552238805970149071e+00
1.572139303482587014e+00
1.592039800995024956e+00
1.611940298507462677e+00
1.631840796019900397e+00
1.651741293532338117e+00
1.671641791044776060e+00
1.691542288557214002e+00
1.711442786069651723e+00
1.731343283582089443e+00
1.751243781094527163e+00
1.771144278606965106e+00
1.791044776119403048e+00
1.810945273631840768e+00
1.830845771144278489e+00
1.850746268656716209e+00
1.870646766169154152e+00
1.890547263681592094e+00
1.910447761194029814e+00
1.930348258706467535e+00
1.950248756218905255e+00
1.970149253731343197e+00
1.990049751243781140e+00
