-1.359947145544302056e-04
-1.648872761237601232e-04
-1.792824401483093290e-04
-1.782989287067325492e-04
-2.114775529622549049e-04
-2.212618051846709398e-04
-2.570624483718573963e-04
-2.374910506541968677e-04
-2.790756176765029294e-04
-3.211257588672719317e-04
-3.474300101117436626e-04
-3.316215172829814657e-04
-3.488602156243886688e-04
-3.661841240555187087e-04
-4.157041621162366435e-04
-4.201703993058572431e-04
-4.491967871599352835e-04
-4.665772023997012490e-04
-4.307489510603723323e-04
-4.461195181638407488e-04
-4.899048564138252636e-04
-5.147173040795959605e-04
-5.188555583082668380e-04
-5.528170027339514552e-04
-6.214192814575121441e-04
-6.263428508218188157e-04
-6.457735550072464178e-04
-6.460490344014016431e-04
-6.998592015117626212e-04
-7.128505241845451692e-04
-7.403381239493387472e-04
-7.788905243371042984e-04
-8.146141257929246510e-04
-8.505997355856843292e-04
-8.676243713860485414e-04
-8.646705086356598494e-04
-8.985802622543674796e-04
-9.042057755807446405e-04
-9.269294793056623814e-04
-9.746680380827306943e-04
-9.545187730226555554e-04
-9.873489875883733648e-04
-1.036643191678339720e-03
-1.082989081887775554e-03
-1.116871677050988157e-03
-1.138344977258195275e-03
-1.160123561924084187e-03
-1.118583429102330959e-03
-1.131031648513443691e-03
-1.256288976182140266e-03
-1.279922521860731455e-03
-1.319386301489876333e-03
-1.299139805406160754e-03
-1.312972720405728485e-03
-1.327062616482570885e-03
-1.362953775236509834e-03
-1.349810461741427544e-03
-1.386176368451548383e-03
-1.453049915485585654e-03
-1.477666569114747391e-03
-1.499620423477854248e-03
-1.527411063534810879e-03
-1.470370640640140253e-03
-1.508552639688609835e-03
-1.504377131951044376e-03
-1.595743832007229983e-03
-1.615811144300379788e-03
-1.655975856390621680e-03
-1.641447758299391249e-03
-1.642573898802853578e-03
-1.707235676800657707e-03
-1.752838477065309835e-03
-1.769079210477495466e-03
-1.803673086735708888e-03
-1.839316751340296530e-03
-1.862156051887473712e-03
-1.859716425089046402e-03
-1.870583303693966557e-03
-1.880594129173631182e-03
-1.919779045942101615e-03
-1.892421883097512468e-03
-1.936851966716751638e-03
-1.977716595385667006e-03
-2.026577556479719835e-03
-2.042980124060891564e-03
-2.053087359204568314e-03
-2.046529419082282388e-03
-2.097535481975222951e-03
-2.063889915708343962e-03
-2.128086339630661222e-03
-2.164638749719361224e-03
-2.211212813292523765e-03
-2.180004005547507909e-03
-2.156952583195541947e-03
-2.228685386028155836e-03
-2.212287572470344847e-03
-2.283686483764639508e-03
-2.298611477059917061e-03
-2.337018771499102619e-03
-2.298489259056999291e-03
-2.370188089442368078e-03
-2.341405323333621124e-03
-2.343878649132929894e-03
-2.390543776469574149e-03
-2.456739047067555901e-03
-2.445390527410720109e-03
-2.428122165890128897e-03
-2.413885611193529544e-03
-2.449633367402348667e-03
-2.457966894787555912e-03
-2.511892687534710965e-03
-2.505797521644373242e-03
-2.496376631690337428e-03
-2.509586423840312087e-03
-2.487940015835429005e-03
-2.529048317878152506e-03
-2.608872033093994919e-03
-2.565170728391227405e-03
-2.537089500161286704e-03
-2.598574156854948497e-03
-2.558796228999137262e-03
-2.569787410122839795e-03
-2.627099366453149436e-03
-2.617390058405323367e-03
-2.580598566207212546e-03
-2.581918350849829111e-03
-2.595366389238820855e-03
-2.572570880406740285e-03
-2.563985211489161649e-03
-2.573660289867478294e-03
-2.546534150612955304e-03
-2.538426989614814017e-03
-2.558609934410087817e-03
-2.529628825427165332e-03
-2.571818137553690681e-03
-2.541969160817667168e-03
-2.511098449026725327e-03
-2.484968348007332746e-03
-2.460104171630333493e-03
-2.512565841822164085e-03
-2.448642923092616674e-03
-2.447955181293970210e-03
-2.442949709659798189e-03
-2.448633201218487158e-03
-2.422815162717829700e-03
-2.416515240022258301e-03
-2.360429403211699965e-03
-2.402088195793173481e-03
-2.389836817581815400e-03
-2.338010301624952620e-03
-2.347279431427890667e-03
-2.293031086094806260e-03
-2.289627884673627999e-03
-2.304721177159005808e-03
-2.316696594790529362e-03
-2.282828147421272873e-03
-2.266888601610586324e-03
-2.232083855779213276e-03
-2.230194181948261592e-03
-2.211544503357692950e-03
-2.195509686573190230e-03
-2.183628800413370090e-03
-2.157813112909178280e-03
-2.133878652430573619e-03
-2.144008085144520973e-03
-2.133393123763572662e-03
-2.077059433551174152e-03
-2.078720796214718336e-03
-2.053804613284589131e-03
-2.059922498814710078e-03
-2.017157213471096160e-03
-2.024178592692723200e-03
-2.017641512456679227e-03
-1.987103624263022832e-03
-1.977622299956575264e-03
-1.955363954199831888e-03
-1.969366129488704653e-03
-1.942943037988227942e-03
-1.919679439386218472e-03
-1.932932199382804157e-03
-1.808128449805771181e-03
-1.812913652457571675e-03
-1.835712565893775827e-03
-1.826275692312927506e-03
-1.767594689857179997e-03
-1.798578383629554018e-03
-1.708726998809530348e-03
-1.710625703776970635e-03
-1.695391999378657822e-03
-1.740770110564407664e-03
-1.687286801163068693e-03
-1.673668342050535583e-03
-1.648137003882349343e-03
-1.619403048932344666e-03
-1.606687560919784017e-03
-1.534599977751249095e-03
-1.489330493984724734e-03
-1.540836787170861118e-03
-1.584178549059482447e-03
-1.493878336714775119e-03
-1.426228308818756679e-03
-1.415509291550014941e-03
-1.443517594294926052e-03
-1.397032505301281161e-03
-1.386344427713609396e-03
-1.311510796922112608e-03
-1.246472412118452416e-03
-1.180884020666459096e-03
-1.183362686017413535e-03
-1.181926194207021585e-03
-1.225532727775997550e-03
-1.182324121178745212e-03
-1.050976967409599167e-03
-1.070049050607023997e-03
-1.057452743479140624e-03
-1.031877940906364595e-03
-9.741537570399779692e-04
-1.003672826147359448e-03
-8.958544342220688562e-04
-9.176410487947098821e-04
-8.875005147421786197e-04
-8.312839821903059102e-04
-7.691834901717922593e-04
-7.761246415526547489e-04
-7.647583282160214579e-04
-7.403966217905283984e-04
-6.541059219571698823e-04
-6.460356879447389259e-04
-6.220565570317898975e-04
-6.469327219747062754e-04
-5.927857805930065440e-04
-5.404114569261060826e-04
-5.139819756716373922e-04
-4.347887437013582806e-04
-4.518997321815561253e-04
-3.765532656961278167e-04
-4.192290977447405993e-04
-3.753221379992706841e-04
-2.832729659858393271e-04
-2.962353552863271041e-04
-2.439821956266469713e-04
-2.023811680537035884e-04
-1.962023885317529704e-04
-2.110773510829773317e-04
-2.069656785746899633e-04
-1.504118651249642682e-04
-1.137850358906469767e-04
-2.746746772940081023e-05
-3.153514578609200865e-05
4.286915999321872203e-06
1.773928635096824629e-06
6.402029235659249438e-05
1.050002166854022509e-04
5.175271285789292898e-05
1.151295521874254655e-04
1.164778736282057507e-04
1.491560102253987406e-04
1.447368325838834467e-04
2.465043402476768046e-04
2.641239276876399824e-04
2.190900229814182732e-04
2.560225084520430109e-04
2.464357590195102019e-04
2.667289457799986276e-04
2.472097835389959171e-04
3.198594796062584908e-04
3.132046840299811271e-04
3.689278617419323287e-04
3.155348266034739470e-04
3.567513960252694763e-04
3.658372399247909594e-04
3.723855085692544514e-04
3.717149296904029353e-04
3.890375625316332088e-04
3.987538991238601181e-04
4.017965952697727101e-04
4.021383533481793474e-04
3.705421784994846336e-04
4.125309332346230795e-04
4.633809712336081849e-04
4.184908208498258684e-04
4.384574735368963337e-04
4.022779862704425240e-04
4.207570993766884208e-04
4.524031503545270449e-04
5.038111147950039654e-04
4.733185081679028555e-04
4.332214920973555586e-04
3.811897356000282493e-04
3.792497630239854804e-04
4.864828383471458224e-04
4.884146612804890833e-04
4.633070968522749939e-04
4.712195361789653651e-04
4.583313571037136514e-04
4.552714289586388854e-04
4.686821972764711425e-04
4.636760579182786770e-04
5.005860295783272221e-04
4.754344970656663527e-04
4.407101505661640021e-04
4.240162075673606389e-04
4.320279525733927532e-04
4.792592122343673419e-04
4.739551204971500435e-04
4.437044857043652424e-04
4.547635906979698769e-04
4.423326059519614383e-04
4.232761076185554425e-04
4.545374081657336087e-04
4.253654557593202889e-04
4.452860752326125442e-04
4.372607523900217297e-04
4.774631935907428480e-04
4.104885086869205254e-04
4.271329599717138179e-04
4.144047625834211589e-04
4.066148456040263284e-04
4.143766937889971640e-04
4.039415114861063453e-04
4.304026290311914775e-04
4.158577368113253311e-04
3.947185605690975538e-04
4.328442925617358421e-04
3.890824929869599698e-04
3.786269886809797672e-04
3.922179456828528703e-04
3.965788451976486008e-04
4.423730773476961474e-04
3.966185348417772065e-04
4.125167388514867526e-04
4.056156887785025613e-04
3.691746319766877780e-04
3.844982244263653402e-04
3.523413561149708927e-04
3.472928071017240175e-04
3.559265380305406457e-04
3.821312838695081586e-04
3.780935396473542281e-04
3.733018129141629955e-04
3.828966479261277094e-04
3.727555842455738001e-04
3.804916525604693650e-04
4.066410304049090712e-04
3.987263658071518941e-04
3.256835772511819729e-04
3.427861642279836233e-04
3.341053515399543868e-04
3.049416017728867633e-04
3.481806885416294912e-04
3.644509499336744682e-04
2.923267687367697492e-04
2.930966851041472555e-04
3.090563257140188430e-04
3.084781300703189869e-04
3.007350721197841570e-04
2.594784870493584703e-04
2.296079624715461731e-04
2.156568143195125608e-04
2.525271759776872866e-04
1.975215650967677549e-04
1.757662753353805504e-04
1.267443232497196667e-04
1.346412942493681038e-04
1.404965907995573793e-04
1.217793024310436558e-04
2.949202925242803676e-05
8.754522850573836828e-05
5.435118918860168305e-05
3.743661243647074428e-05
1.834308552423549398e-05
-1.798926818137219470e-06
-8.494599196997399760e-05
-4.750050305626710292e-05
-9.998504579151773920e-05
-1.088180156397549269e-04
-1.073490623704264420e-04
-1.167149978328076675e-04
-1.708788580958048200e-04
-2.043554379240943443e-04
-2.001928128287302642e-04
-2.288590675009960159e-04
-2.599415349333053038e-04
-2.389497315316287758e-04
-2.725397139338790026e-04
-3.415979912546848502e-04
-2.986632648247810381e-04
-3.406483694292872732e-04
-3.768910439285228951e-04
-3.997393836015113709e-04
-4.315004900710079977e-04
-4.729064314282445175e-04
-4.532582455580307806e-04
-4.962458318626322478e-04
-4.941791982540881404e-04
-5.073157995494009071e-04
-5.429040276310834884e-04
-5.894107886293156696e-04
-5.797983304538996711e-04
-6.168262259007356238e-04
-6.155623796039133523e-04
-5.686428773878199035e-04
-6.459482529926339252e-04
-6.743199743503867699e-04
-6.819110310906875303e-04
-7.001109716359415081e-04
-6.948382295807808496e-04
-7.205600855550349255e-04
-7.557945034160973904e-04
-7.066196346797695878e-04
-7.455070440450908874e-04
-7.540172178667982252e-04
-7.455178890628065677e-04
-7.841580477179364503e-04
-7.837113727913231796e-04
-8.107731975944273495e-04
-7.962570057147196892e-04
-8.452143942967327989e-04
-8.321394545957299521e-04
-7.825874143061451165e-04
-7.828489707860771191e-04
-8.401640238566181933e-04
-8.238389189136448515e-04
-8.976163339759266188e-04
-8.756692693550406940e-04
-8.263717818833409565e-04
-8.638678513431899972e-04
-8.756414307760013779e-04
-8.297631369294597046e-04
-9.055960906982096249e-04
-8.567952398865002431e-04
-8.778739088042193141e-04
-8.650531346407832906e-04
-8.284187914617249706e-04
-8.524035441877755208e-04
-8.669514931872516995e-04
-8.604156110282514414e-04
-8.480429940709919949e-04
-8.969396798676100438e-04
-8.357628423222174946e-04
-8.677829687768273074e-04
-8.866069211224861897e-04
-8.722055684588752699e-04
-8.332853377945581824e-04
-8.388208704950506035e-04
-8.455417210429737014e-04
-8.452577123374124465e-04
-8.209505378646113349e-04
-8.436669915767008171e-04
-7.911194847118101442e-04
-8.282664273599300245e-04
-8.172780565396191819e-04
-8.058239831477272911e-04
-8.076950259789194122e-04
-7.825580805764809642e-04
-7.600904515347531049e-04
-7.701175222471164962e-04
-7.558895152675691037e-04
-8.034961516886222812e-04
-8.380867848495137610e-04
-7.887007213040067924e-04
-7.235591083844278727e-04
-6.742581458430582870e-04
-7.143292981844862012e-04
-7.017684640601655867e-04
-6.990956763787465776e-04
-6.846754950986175259e-04
-7.306359122523332309e-04
-6.632685184985900439e-04
-6.338060246241014736e-04
-6.609373009153883148e-04
-6.517336245222037430e-04
-6.057139915624007833e-04
-6.278445144600190882e-04
-5.743932824550903237e-04
-5.719960888908371451e-04
-5.899285687769661524e-04
-5.792837948819947423e-04
-5.548989340861541948e-04
-5.129990571744060370e-04
-5.686797046915849189e-04
-6.153143484165026237e-04
-5.170837666063722365e-04
-4.743619686080371685e-04
-4.616367323189663960e-04
-4.917488309696768254e-04
-5.128303744108576043e-04
-4.625427545196529513e-04
-3.986197067363945719e-04
-4.374745358351171958e-04
-4.167197711289020719e-04
-4.097344976188373893e-04
-3.755189490419660859e-04
-3.697459145473123835e-04
-3.531693070872869342e-04
-3.352653902519666025e-04
-3.371551315669551996e-04
-3.626914820072343654e-04
-3.324384482090454577e-04
-3.020984363288052197e-04
-2.462789182282383474e-04
-2.046916008183317275e-04
-2.489412163172057663e-04
-1.860812866517091470e-04
-1.987451213909375669e-04
-2.360541629444820719e-04
-2.021670612391657067e-04
-1.575986478436514234e-04
-1.057452384162359298e-04
-1.062554259481259509e-04
-9.536119146901396719e-05
-6.670112716062999111e-05
-6.045962733448015830e-05
-2.321736261211449995e-07
2.835854986003158635e-05
8.739635537374481006e-05
1.133630485988275502e-04
1.335095671160317599e-04
1.607159095278635011e-04
1.989300308371556858e-04
2.202597656622174045e-04
2.552894980925194475e-04
2.917080046940410064e-04
3.255495213323832517e-04
3.521761936056810177e-04
3.771813326098463282e-04
3.975602548654804812e-04
4.531653850665438659e-04
4.693248897098524714e-04
5.106041024230704647e-04
5.258299501109761241e-04
5.535472171562201343e-04
6.169233605529088338e-04
6.869773147388203664e-04
7.019534255517837591e-04
7.040885638035104550e-04
7.573758608563755691e-04
7.926862534211119148e-04
8.379316997741321788e-04
8.773947907163683405e-04
9.087653779716772491e-04
9.225424468880132935e-04
9.830980430083635386e-04
1.035333114536775940e-03
1.053604905624859478e-03
1.043381441525774184e-03
1.112922101155959824e-03
1.144243126849334288e-03
1.198316929286615592e-03
1.270789435429710333e-03
1.318152443469783634e-03
1.357811988298651901e-03
1.291824130298612188e-03
1.367027578775095167e-03
1.415427562726664880e-03
1.438148181432140566e-03
1.479894573001899879e-03
1.502411268470617203e-03
1.543783877768990049e-03
1.553111768982415970e-03
1.605741614224091016e-03
1.666293132167456781e-03
1.687655571221192020e-03
1.718762893843116257e-03
1.758977119717753832e-03
1.811310195703878237e-03
1.869930186260676270e-03
1.893775620991917062e-03
1.876242615254671833e-03
1.966998012953379872e-03
2.006657466525721498e-03
2.014311465771896712e-03
2.077217561071396067e-03
2.165552748469158455e-03
2.174605051118155309e-03
2.221152713846857168e-03
2.256346441176832699e-03
2.332175184063972964e-03
2.327313857183510061e-03
2.343948343846434610e-03
2.395003918434749843e-03
2.435914391913792179e-03
2.510908618095733947e-03
2.547730422130684361e-03
2.551793199785943114e-03
2.606522550232395676e-03
2.641598811679585733e-03
2.645305882041979091e-03
2.705794446275090314e-03
2.786586325864483151e-03
2.829585604674287116e-03
2.895264397926610757e-03
2.911580616617250733e-03
2.946929179862689020e-03
2.991800883797358836e-03
3.109734499266421023e-03
3.099225000528752112e-03
3.134410510084548185e-03
3.156080717587980266e-03
3.186979255583961487e-03
3.247481195408821047e-03
3.296590239261334987e-03
3.381311435923870911e-03
3.346435488383311257e-03
3.419623023981781511e-03
3.443694738529923596e-03
3.508355676735254534e-03
3.553560055350771588e-03
3.557073310107421085e-03
3.622328378897370690e-03
3.668182547400943884e-03
3.662612379887890228e-03
3.777236164763055851e-03
3.825656351570352019e-03
3.815413665954931095e-03
3.878270656512359735e-03
3.895667780240708641e-03
3.936843992445527435e-03
3.974305767443352816e-03
4.037516126096813221e-03
4.044854850558630976e-03
4.134768697239987571e-03
4.181893120920865230e-03
4.225054212299043585e-03
4.215653297512790207e-03
4.242832931127521641e-03
4.325048355169350267e-03
4.367771861957950655e-03
4.408319472410201188e-03
4.442274274955955969e-03
4.475128057142789724e-03
4.496916853295810854e-03
4.558562313482550192e-03
4.598109990825655427e-03
4.586249446111427888e-03
4.612944811226270952e-03
4.697370914860461016e-03
4.733976159555535433e-03
4.784182048676010809e-03
4.870892932215728152e-03
4.859507837299222900e-03
4.926920465989552932e-03
5.033590689849374786e-03
5.011033029221823552e-03
4.996081378273032995e-03
5.034121456828966924e-03
5.033623042934594338e-03
5.087225322880942376e-03
5.146008193491823784e-03
5.215005944484902602e-03
5.268074701460528746e-03
5.287431163739758286e-03
5.303724227317856491e-03
5.314912381304223200e-03
5.332585908466061855e-03
5.414665087378903521e-03
5.427346382997351275e-03
5.468774401406839222e-03
5.459041280274790769e-03
5.488527918233407701e-03
5.498422711491332202e-03
5.536182949456316255e-03
5.565089770383055585e-03
5.607088838397995649e-03
5.624277028287934938e-03
5.650441029675951771e-03
5.638017805809234818e-03
5.686236466080342618e-03
5.740530903948833953e-03
5.750578882773931325e-03
5.743419956409843291e-03
5.772964040590910194e-03
5.825686815300006385e-03
5.833812471103312462e-03
5.865199515591175417e-03
5.850672150254383058e-03
5.900029507405637683e-03
5.891447926521881095e-03
5.910058880994942081e-03
5.953096659749548998e-03
5.952268506547779559e-03
5.973341502530410581e-03
5.993509589959313336e-03
6.044960967072123166e-03
6.072384147314301497e-03
6.074222913390470678e-03
6.075608362200194887e-03
6.062563464238315304e-03
6.076201775160154639e-03
6.160056933463146749e-03
6.163272114782076226e-03
6.186628818762951974e-03
6.172730124740233304e-03
6.163138912203290631e-03
6.210138865938840194e-03
6.248049470114830188e-03
6.300395685447967783e-03
6.306718884623658400e-03
6.275449978543093561e-03
6.295105142528381083e-03
6.302079187662582016e-03
6.376086454770106549e-03
6.332124506471509436e-03
6.420762656621292926e-03
6.425458172887881306e-03
6.402801729222713095e-03
6.466521325195744713e-03
6.462375534131878721e-03
6.431970121196390992e-03
6.473197495253376482e-03
6.480601379902354263e-03
6.588575129497389535e-03
6.514625364280652101e-03
6.523145102526230719e-03
6.546525003314570927e-03
6.584264211249398445e-03
6.582783418468436155e-03
6.570682958687341750e-03
6.579218236652177414e-03
6.597007715467695724e-03
6.622779784007421129e-03
6.627117310471312799e-03
6.614658960965577768e-03
6.651551151320047109e-03
6.699164817993673304e-03
6.680637715989938032e-03
6.726193319241488382e-03
6.672812548918213155e-03
6.678576838190433164e-03
6.659033071587843258e-03
6.675175051947659054e-03
6.743002652526930603e-03
6.746427331759174105e-03
6.737296053078740445e-03
6.703932521474346463e-03
6.758302139352070567e-03
6.686964186402737098e-03
6.674031035857756408e-03
6.734400834896210088e-03
6.760678441004952174e-03
6.770810750389710808e-03
6.675490797296003594e-03
6.713524564854973786e-03
6.629499395538956258e-03
6.708640275733384131e-03
6.679779975373945945e-03
6.634530500261243482e-03
6.621480503875764798e-03
6.654673054964421741e-03
6.595052933948137262e-03
6.595603248568034441e-03
6.572452659292298167e-03
6.609378750010143355e-03
6.641965494973131601e-03
6.571406799537323623e-03
6.526153701417654676e-03
6.562385822828382259e-03
6.492357689582009365e-03
6.499566138076551952e-03
6.477925380633966883e-03
6.465046311927209223e-03
6.420899379776709090e-03
6.483322728549548511e-03
6.345890514909565371e-03
6.361291517338469627e-03
6.404860875435768215e-03
6.392260043979944989e-03
6.332181047541858565e-03
6.310496398879674590e-03
6.314067273754304412e-03
6.297289751363685864e-03
6.263407305510094135e-03
6.287673695990167108e-03
6.258361580080116365e-03
6.226660282085561687e-03
6.236506050875197452e-03
6.204815238813818357e-03
6.226307992221820700e-03
6.236332598488887602e-03
6.166844688949954696e-03
6.138506430322692581e-03
6.095315069597313611e-03
6.135494742452885647e-03
6.158252835486444261e-03
6.138080618379772486e-03
6.123524929777269046e-03
6.055253473536823493e-03
6.059989687707201950e-03
6.054221737751508577e-03
6.038878952990994406e-03
6.014724807718438947e-03
6.011684830655047995e-03
6.021905525355102443e-03
6.005804817576637471e-03
5.993058301584547158e-03
5.951789842064847402e-03
5.941058302448917403e-03
5.896913620347242480e-03
5.899354572493495201e-03
5.946622159567690157e-03
5.887466042725717115e-03
5.880582850434373614e-03
5.832201675644625716e-03
5.811655121303740262e-03
5.821421136182484794e-03
5.823021684392326938e-03
5.810745569105730396e-03
5.815658210726226858e-03
5.812653603548536760e-03
5.779620076268723178e-03
5.762309867887880667e-03
5.719813257728529297e-03
5.728614762699893621e-03
5.746999187666217666e-03
5.704626727316754534e-03
5.703427907649282619e-03
5.692991312157835715e-03
5.678779779046785534e-03
5.677214424849016082e-03
5.689244450098743418e-03
5.651320692836051159e-03
5.641678480451380734e-03
5.671345468792259731e-03
5.632971918509404458e-03
5.631784050824885889e-03
5.620055709279927862e-03
5.598264223828546340e-03
5.600509571760300606e-03
5.657199040283463973e-03
5.589243212192627000e-03
5.590081827054208322e-03
5.561870948662353542e-03
5.550430576863733291e-03
5.517822038445256011e-03
5.517841705027507621e-03
5.552327549799013738e-03
5.511729124004603395e-03
5.533613738355372229e-03
5.525534795740060130e-03
5.532830358729871195e-03
5.517168865996477899e-03
5.512267221125410031e-03
5.516214703799716609e-03
5.445706032856726699e-03
5.483982709381540581e-03
5.481886825487498720e-03
5.447640011961882994e-03
5.468494356005545315e-03
5.485347681068095810e-03
5.480424011832472735e-03
5.481060177812481157e-03
5.486839438468100669e-03
5.473780123370101600e-03
5.453370380637699230e-03
5.428818870336997102e-03
5.466094635540478218e-03
5.447583637031344107e-03
5.432860315183603468e-03
5.449307081806068452e-03
5.478921214211903735e-03
5.476586110183560493e-03
5.458491882319455556e-03
5.456358908632684412e-03
5.509502898687536170e-03
5.452067919473569009e-03
5.462648587114587485e-03
5.462294936340601759e-03
5.475180882193739565e-03
5.489846002107154344e-03
5.506781879516310131e-03
5.488645885980899218e-03
5.524784811022706056e-03
5.506133379420940707e-03
5.494217850578548591e-03
5.515991541820477843e-03
5.567364948842170626e-03
5.554952419352126095e-03
5.550625710084661213e-03
5.604974353263991391e-03
5.683372762853955255e-03
5.679914395835363936e-03
5.675479053386549289e-03
5.641162094154369977e-03
5.747363538502771145e-03
5.718100241126977158e-03
5.738623037444744342e-03
5.791538804731061890e-03
5.784724584949556443e-03
5.847480623510242087e-03
5.875372309127479924e-03
5.905327575394870784e-03
5.911716002730265686e-03
5.959636833135984607e-03
5.947480304590087308e-03
6.068395176556419524e-03
6.056145398362238787e-03
6.129758546487095068e-03
6.104665396004690416e-03
6.177886044061351410e-03
6.204180129189348566e-03
6.259826650303524156e-03
6.318966587108002485e-03
6.340277995218184838e-03
6.381770410047405036e-03
6.464898134766829813e-03
6.526310744814468358e-03
6.552620917062964082e-03
6.671641322978164902e-03
6.695466360389316224e-03
6.726960466701947632e-03
6.832053247620382790e-03
6.844564545047869715e-03
6.909096244146504216e-03
6.928096343142874265e-03
7.034359684746921068e-03
7.107415896649150501e-03
7.141867497457989392e-03
7.275295286534571443e-03
7.281844475071425765e-03
7.302139997613071171e-03
7.416879583744345750e-03
7.469629237164091516e-03
7.561167475496159522e-03
7.641056621753927226e-03
7.669596550231965772e-03
7.766275704024802433e-03
7.863701261255405181e-03
7.939490190308894080e-03
7.993820589617754366e-03
8.079131179641534100e-03
8.154305029679818212e-03
8.278985471103696842e-03
8.307497430740103800e-03
8.400817232254919817e-03
8.501688383368148291e-03
8.680564252712618181e-03
8.742078834430563189e-03
8.799360431140547736e-03
8.870380849706345841e-03
8.929529465897782445e-03
9.058106828432496010e-03
9.161412028163565952e-03
9.303430161781636384e-03
9.389899715496639529e-03
9.416851629421621114e-03
9.549236780973692842e-03
9.609373746691079674e-03
9.720704732222930008e-03
9.832942562502942560e-03
9.950085985516892925e-03
1.005304322923621096e-02
1.018292115234622867e-02
1.022708698220312594e-02
1.039051226167407929e-02
1.051707414493504092e-02
1.066909760827420769e-02
1.075048885562369765e-02
1.083032370378071013e-02
1.094805256732327668e-02
1.112371791272654883e-02
1.118355224188010907e-02
1.130343852954561121e-02
1.144619633824785210e-02
1.159249823433708415e-02
1.168572703810789176e-02
1.180680240340496040e-02
1.198838008175419183e-02
1.209787302175645805e-02
1.222826894372798685e-02
1.237690300666554645e-02
1.250242977462125149e-02
1.262212350734383433e-02
1.272476080437590085e-02
1.284497455049682900e-02
1.305565905774318768e-02
1.318397282310837179e-02
1.329140169142805500e-02
1.345021612494688018e-02
1.360534537305052756e-02
1.378791213858971201e-02
1.392524264996766389e-02
1.410334324768310402e-02
1.426599412354822606e-02
1.441647739841207636e-02
1.457890706562405686e-02
1.475081110584169040e-02
1.488501235888037809e-02
1.505748643730191877e-02
1.521926394411061284e-02
1.542562506963257758e-02
1.556489071433943099e-02
1.575144004686712326e-02
1.593487058461638337e-02
1.608773139983061054e-02
1.627127300640525756e-02
1.644804226169404790e-02
1.665304240661222984e-02
1.682715813276918979e-02
1.706929360399995696e-02
1.717721870254689670e-02
1.737886740247432046e-02
1.754349835447158862e-02
1.776570568688689081e-02
1.795692049835445961e-02
1.817236540112375162e-02
1.836960178944509539e-02
1.855853014603827192e-02
1.870702745826798366e-02
1.895096592256180143e-02
1.911836747492247357e-02
1.933921554013605035e-02
1.956612045290218038e-02
1.972001207212209159e-02
1.995889496174813732e-02
2.012668476750555102e-02
2.033583634025243336e-02
2.059209616712286139e-02
2.079040836893821312e-02
2.099350502057552303e-02
2.114085192584962136e-02
2.140679969634062124e-02
2.161847020576082579e-02
2.184961965005472254e-02
2.206697898961709065e-02
2.226172784158741980e-02
2.247268754853240860e-02
2.271278551104718296e-02
2.293720023422027299e-02
2.309154493077097969e-02
2.334465808251432253e-02
2.355236005297084087e-02
2.377023830875251223e-02
2.399942453947619472e-02
2.417949324306755896e-02
2.441876420524723493e-02
2.459660911578558443e-02
2.481184373932200649e-02
2.506439879512550872e-02
2.530258391287767278e-02
2.549541892926823761e-02
2.575577035879670490e-02
2.601542160637865600e-02
2.621869256182903299e-02
2.638988203201709029e-02
2.661615521110007390e-02
2.685037558136273844e-02
2.707255004225739628e-02
2.726876520935296935e-02
2.749852102912286184e-02
2.772191074450023121e-02
2.791906806818920603e-02
2.814600443565133323e-02
2.837627133928610768e-02
2.857897742124534610e-02
2.878111864083088625e-02
2.897483413818996434e-02
2.920574241451276074e-02
2.941761166743250833e-02
2.960990578801152989e-02
2.981270608879449391e-02
3.005106852790151786e-02
3.022559985471641800e-02
3.042492195786385481e-02
3.063356214768730643e-02
3.079308589529266421e-02
3.098542079841826169e-02
3.123615901371116707e-02
3.141599604472000012e-02
3.156268961898883035e-02
3.179857427294757038e-02
3.198132131159300146e-02
3.208713426395842783e-02
3.228745996356186670e-02
3.252811439862030030e-02
3.261622922955845910e-02
3.279237764756066237e-02
3.302907388208811690e-02
3.317850274812673972e-02
3.331631038217296170e-02
3.347762789508409997e-02
3.359486394644348173e-02
3.381438443622186013e-02
3.395115872572885413e-02
3.407513521400256512e-02
3.426512997475063271e-02
3.436491546996688073e-02
3.447596211600471167e-02
3.462135073418518699e-02
3.469552502430624241e-02
3.486712455012342532e-02
3.499245220709058801e-02
3.510722215291241927e-02
3.523077025967567139e-02
3.533360617955186994e-02
3.537867706929443551e-02
3.549258379968109334e-02
3.557355157657591388e-02
3.569893453044220566e-02
3.577297006301283916e-02
3.585501163775727668e-02
3.588103802217295496e-02
3.598021095005921738e-02
3.605463469266406012e-02
3.609875343039381512e-02
3.612473793618720813e-02
3.618114050123271558e-02
3.625966324825345699e-02
3.626605192484052415e-02
3.629852234793850413e-02
3.630510948399998106e-02
3.634484976499977038e-02
3.632146859267335048e-02
3.638883344492345462e-02
3.635920440763626416e-02
3.633402621213350364e-02
3.633150839383964686e-02
3.627514137873665001e-02
3.625547244917633888e-02
3.620988605875415794e-02
3.620005083722453720e-02
3.615378365074424505e-02
3.614313625355905502e-02
3.603090603300070777e-02
3.595427198582706180e-02
3.589593694601407592e-02
3.581312994404219768e-02
3.574318317082098712e-02
3.566104586045121261e-02
3.557045980243454114e-02
3.545082474450175075e-02
3.535370599005261544e-02
3.521249165380654911e-02
3.511697796964032697e-02
3.499311719902307993e-02
3.482422474766905252e-02
3.464595260569974106e-02
3.450664446976319660e-02
3.438356963265413319e-02
3.422153256038734659e-02
3.404670041180481166e-02
3.383197020888276813e-02
3.362597830616390754e-02
3.348141950690865232e-02
3.328047516529514943e-02
3.309236587673598795e-02
3.284768129944732468e-02
3.259104422355119102e-02
3.237163181883132707e-02
3.214114189278719641e-02
3.195799847076810640e-02
3.167725551846341941e-02
3.142246607858295571e-02
3.114094645419322391e-02
3.085372182667087126e-02
3.062231899056750903e-02
3.033822975507332806e-02
3.004037141483685905e-02
2.975568390639563021e-02
2.946048217611275596e-02
2.917616939471628923e-02
2.890206401702384229e-02
2.854181923191819945e-02
2.818123887068584715e-02
2.785659967129049466e-02
2.755529614493355817e-02
2.724641726041846998e-02
2.687280423191147280e-02
2.655290947663713208e-02
2.612770452793354223e-02
2.579480744757143423e-02
2.544456714850869966e-02
2.506397939080282078e-02
2.468761826105735774e-02
2.430752617317461298e-02
2.393241735451425573e-02
2.356066311178520514e-02
2.313572871244191920e-02
2.274035376201162528e-02
2.233790659502406933e-02
2.199930478560599770e-02
2.155042539161627219e-02
2.111561441414773824e-02
2.064905811228859647e-02
2.028103921448778241e-02
1.985409982772479501e-02
1.943961221754300639e-02
1.895540260481975298e-02
1.852542218725349021e-02
1.809123840758523200e-02
1.765671585052123321e-02
1.717451465578121589e-02
1.673805229442975120e-02
1.626754588716397554e-02
1.581505103281557675e-02
1.532713422888608464e-02
1.487028779213648254e-02
1.442395681068336759e-02
1.390467876760595640e-02
1.346032002324751460e-02
1.298606608159371192e-02
1.251269386589056593e-02
1.200166808758360362e-02
1.146790953875361993e-02
1.101094944640912225e-02
1.056508080516154954e-02
1.003316304014804927e-02
9.570363920758859916e-03
9.029393431587120350e-03
8.538431708987338428e-03
8.062258588523645714e-03
7.565729025822681870e-03
7.128794754031573221e-03
6.616926753331327411e-03
6.097008223010766219e-03
5.557577089207037767e-03
5.082874743973044875e-03
4.533100444276603330e-03
4.086908735382508567e-03
3.647695900159484122e-03
3.118168569486612102e-03
2.559255911129037098e-03
2.079719979875846100e-03
1.593792056824170278e-03
1.082443996371002404e-03
5.790956825364584068e-04
1.454063433060879000e-04
-3.795490157220447270e-04
-8.519221561914529662e-04
-1.309192172913436862e-03
-1.803415719015275106e-03
-2.284965091061006738e-03
-2.770438777557544894e-03
-3.217924202439705235e-03
-3.737767409992741059e-03
-4.145019567417388903e-03
-4.645438014544000550e-03
-5.143331684162594751e-03
-5.636016612330218417e-03
-6.051351761956956683e-03
-6.476992016882409525e-03
-6.976745817780043678e-03
-7.477359056537465076e-03
-7.894214205121189223e-03
-8.297783304609607918e-03
-8.755589505412955664e-03
-9.150846158040508438e-03
-9.576721034850840808e-03
-1.000027380792363300e-02
-1.051291763206169995e-02
-1.091477777296617595e-02
-1.129849548163119367e-02
-1.171663313500605208e-02
-1.213013055985053164e-02
-1.249194591404247795e-02
-1.296924429666716783e-02
-1.336329362002923286e-02
-1.374021130416457417e-02
-1.409861841043632061e-02
-1.453074473006401614e-02
-1.489912966932469170e-02
-1.526061188551591438e-02
-1.561682373707964054e-02
-1.597603832444777563e-02
-1.633113707402039649e-02
-1.665651872314272836e-02
-1.704022745084441542e-02
-1.738580754487185909e-02
-1.772463381786277062e-02
-1.803219825785155883e-02
-1.829827282399668423e-02
-1.863746469825697250e-02
-1.897170252147991829e-02
-1.925123761284028984e-02
-1.951425715235332106e-02
-1.984671750510455177e-02
-2.014987463887877792e-02
-2.039449105621067918e-02
-2.065781804803285687e-02
-2.093625310723243316e-02
-2.118558829043084429e-02
-2.138411425896287812e-02
-2.160352115014055677e-02
-2.184840714525854849e-02
-2.211625924149105554e-02
-2.231553603621945145e-02
-2.255396895940556257e-02
-2.273434178272465064e-02
-2.294682147643379785e-02
-2.312811197153990736e-02
-2.333492661857028763e-02
-2.351003801237070909e-02
-2.363848909308054191e-02
-2.382162787876121110e-02
-2.400889368865667672e-02
-2.415094137897156462e-02
-2.430211258066116917e-02
-2.440594982228342855e-02
-2.450738086787915965e-02
-2.469008066812874297e-02
-2.479941128107481310e-02
-2.491796619537107321e-02
-2.501176870172017869e-02
-2.513320955326955181e-02
-2.518159874962116324e-02
-2.529572547507618827e-02
-2.534564244782897338e-02
-2.537721337550011974e-02
-2.546803652613342794e-02
-2.550724372705956075e-02
-2.554894526991458373e-02
-2.557228067317104600e-02
-2.561168124786395925e-02
-2.561927636492581858e-02
-2.562373032972916145e-02
-2.560640544821657372e-02
-2.561725887762500778e-02
-2.558468776605602943e-02
-2.558592319795698761e-02
-2.551297200638003373e-02
-2.552396796350995395e-02
-2.549640109725430023e-02
-2.540629256093273475e-02
-2.538460506780755230e-02
-2.530770149250914300e-02
-2.521154044565778601e-02
-2.507397958620209352e-02
-2.502905516919466319e-02
-2.495011468183466058e-02
-2.486292574951114859e-02
-2.469056125273570365e-02
-2.458662388782333064e-02
-2.446246039917305756e-02
-2.437750423156581983e-02
-2.424684651409386021e-02
-2.412881273733225376e-02
-2.392886011762717854e-02
-2.376167898694464889e-02
-2.358710830864489683e-02
-2.341482042139948413e-02
-2.325273735959862073e-02
-2.301329237112677631e-02
-2.283102832088076614e-02
-2.262042158697631297e-02
-2.246338047346801634e-02
-2.220381623996795992e-02
-2.203680011518017665e-02
-2.175876201512756333e-02
-2.153632450716034402e-02
-2.130918241097549959e-02
-2.103379939394217635e-02
-2.082329684440088757e-02
-2.053913461546251831e-02
-2.033400079380709782e-02
-2.003249615821337329e-02
-1.980104020383615174e-02
-1.944269523738225910e-02
-1.919957952437708476e-02
-1.887480902147967848e-02
-1.859790536784875631e-02
-1.836017568512849155e-02
-1.805498570933542976e-02
-1.773458986830716080e-02
-1.743331041257501629e-02
-1.713073273424142035e-02
-1.675039828491471650e-02
-1.643157585419764352e-02
-1.617134995948966980e-02
-1.584247607028298546e-02
-1.549573321582801283e-02
-1.519387046342505869e-02
-1.480082597974324322e-02
-1.445711803439630148e-02
-1.417023958519475317e-02
-1.379082884732236482e-02
-1.343162837205716387e-02
-1.303793132823972446e-02
-1.278618423362303663e-02
-1.241505033751939477e-02
-1.204509383772941512e-02
-1.166894596608059748e-02
-1.127614035650535695e-02
-1.092434904609588218e-02
-1.060113131477494197e-02
-1.021129260714360824e-02
-9.949173804771799939e-03
-9.532260865622454657e-03
-9.126331156662564545e-03
-8.779356113216956956e-03
-8.482691867927785734e-03
-8.046627340483100688e-03
-7.637841709033264641e-03
-7.316087625536977015e-03
-6.972173989007578870e-03
-6.598658850175996744e-03
-6.269957577587937161e-03
-5.869094199295125588e-03
-5.528427162139293999e-03
-5.132006231114544757e-03
-4.735994455657698519e-03
-4.378874890913988030e-03
-4.023284772397551536e-03
-3.628239770563662474e-03
-3.246226343949049423e-03
-2.911820824406342097e-03
-2.536527280939385263e-03
-2.231901360961467424e-03
-1.879873050966640200e-03
-1.492718617260483478e-03
-1.147901791080723497e-03
-7.621797223645789422e-04
-4.164772225727885455e-04
-5.354637843989102925e-05
3.243004802576837414e-04
6.235110376551242315e-04
9.630751678227016761e-04
1.373170736066305726e-03
1.676864099201581110e-03
2.080989414528285498e-03
2.414319224618602204e-03
2.741853767063971627e-03
3.082246976819632417e-03
3.476654720924790380e-03
3.783864611936896619e-03
4.108982858532051613e-03
4.391643253123544456e-03
4.721614992277004333e-03
5.060271736909130805e-03
5.351092661422288468e-03
5.671037011627155268e-03
5.979922105379299399e-03
6.295594401339370434e-03
6.619100334761269210e-03
6.924759234366373480e-03
7.213771760753552066e-03
7.490853385635557783e-03
7.777499215155263615e-03
8.139633443246984540e-03
8.408572688857219105e-03
8.661068053373188746e-03
8.957187825666212619e-03
9.195545729920063041e-03
9.487553794662499998e-03
9.749572499313748086e-03
1.000223033611643067e-02
1.021377834465941360e-02
1.047303457528193059e-02
1.072450488753833725e-02
1.097327001696806088e-02
1.121169630917688564e-02
1.144440993721166852e-02
1.168863633462584144e-02
1.192660540108194007e-02
1.211955026022072668e-02
1.235690841590400893e-02
1.252751183822618797e-02
1.273345878123361384e-02
1.292274779583620949e-02
1.310751704614292884e-02
1.329065843492381084e-02
1.348614573276049611e-02
1.367459069426502430e-02
1.386741510003051091e-02
1.397382194478540181e-02
1.415401792491187763e-02
1.428083292507595359e-02
1.443512180838240656e-02
1.453069048422607652e-02
1.472114346891818457e-02
1.485062983412852380e-02
1.494044038473248300e-02
1.508082031758724989e-02
1.520131369707850184e-02
1.530060610615247181e-02
1.536370620660383254e-02
1.543976600183087806e-02
1.554078789016277717e-02
1.561256715219362830e-02
1.567171959574136311e-02
1.574060492398608735e-02
1.583738853181534262e-02
1.587152454530549664e-02
1.590219517044557870e-02
1.592403219103410289e-02
1.596760797627302247e-02
1.595944718392895006e-02
1.603511564307835355e-02
1.607543964485056570e-02
1.604859292721884725e-02
1.603257417667866905e-02
1.601936638873093302e-02
1.598272383487074622e-02
1.593548191251547425e-02
1.588912653150352863e-02
1.590772232458746022e-02
1.585960999928902673e-02
1.585431824527364780e-02
1.575356816357418102e-02
1.567751084934693520e-02
1.561210646175737078e-02
1.556756587824774905e-02
1.548031877029388582e-02
1.531444763985548990e-02
1.529196925417265068e-02
1.520466647208370929e-02
1.506138369891999416e-02
1.495352468439960225e-02
1.488573154109170543e-02
1.470635450270747421e-02
1.456605869519206342e-02
1.439927799457882927e-02
1.431787101923017759e-02
1.412940674505053229e-02
1.395349202369132631e-02
1.386298576362752014e-02
1.367126491770246158e-02
1.350910447445341847e-02
1.331891585173230856e-02
1.315159479707237768e-02
1.294145902894772160e-02
1.280384082995656390e-02
1.256199578010280468e-02
1.238943362531385109e-02
1.217624172906731604e-02
1.192749588929406523e-02
1.171113232460647274e-02
1.150229052862176624e-02
1.130671801623004888e-02
1.109631981214329738e-02
1.083922873591163828e-02
1.061454294003758361e-02
1.043946697056296995e-02
1.014322900751562714e-02
9.917496083132202114e-03
9.601161207208493836e-03
9.307348449943901592e-03
9.068336570850574901e-03
8.785509626456513774e-03
8.543148993827319460e-03
8.233435981009572940e-03
7.975428361009794659e-03
7.720891678342531143e-03
7.439623866132163629e-03
7.130995440718959806e-03
6.859159122576445611e-03
6.581534868444751871e-03
6.270759896874898015e-03
6.024536105878327413e-03
5.710893200531511407e-03
5.359767355065628465e-03
5.080280958671475923e-03
4.763193857874607924e-03
4.460588423873700602e-03
4.112112830077951919e-03
3.837246331216962597e-03
3.523265162182735374e-03
3.231168277778625163e-03
2.882548728844732799e-03
2.595435499787140162e-03
2.203745098652273426e-03
1.902794081798086286e-03
1.616618203927727791e-03
1.300997360722453561e-03
9.532735657764751817e-04
5.882370687252720274e-04
2.567047868639281416e-04
-5.051567474536217692e-05
-3.301489826771018517e-04
-7.425636000286051563e-04
-1.071479106698356495e-03
-1.408909633415374694e-03
-1.743323305634302987e-03
-2.113692153909600257e-03
-2.470594552389795799e-03
-2.829799174596366040e-03
-3.158903862159760483e-03
-3.467705372601721792e-03
-3.833366204744224556e-03
-4.263341916641781061e-03
-4.583444645467148366e-03
-4.908601694606746536e-03
-5.237723201933533815e-03
-5.589630969364956306e-03
-5.963863521076225374e-03
-6.310408284838247596e-03
-6.671657343295934323e-03
-7.012160036671171229e-03
-7.334948846503421167e-03
-7.677140771195724300e-03
-8.055283784256760116e-03
-8.421879401292403991e-03
-8.757630477558031937e-03
-9.056348722581894148e-03
-9.434342186323186122e-03
-9.756504363650256653e-03
-1.009421264774637388e-02
-1.044363983969565784e-02
-1.077441108474875772e-02
-1.111820131054831740e-02
-1.146318312332046327e-02
-1.182203975068095783e-02
-1.212733368543616498e-02
-1.245017487302666447e-02
-1.280730652415710234e-02
-1.311571754284037057e-02
-1.343276550154877402e-02
-1.376367182360104663e-02
-1.408974393333037832e-02
-1.438928536679330746e-02
-1.471155912804202222e-02
-1.503307755788302509e-02
-1.533683076079974186e-02
-1.563578703269296807e-02
-1.594024036746727671e-02
-1.622904327737280036e-02
-1.651923401111619200e-02
-1.682311848067864768e-02
-1.707454325675963891e-02
-1.744478436184710574e-02
-1.767780377227695654e-02
-1.797301982099403644e-02
-1.828446425257219607e-02
-1.855179605980760912e-02
-1.879636930430190686e-02
-1.904935618558127597e-02
-1.929364522858067338e-02
-1.951265521925189469e-02
-1.977893562655985704e-02
-2.004447013290494226e-02
-2.031508538437893155e-02
-2.055505783262152886e-02
-2.074845914932221466e-02
-2.100431212157563565e-02
-2.120950773595478567e-02
-2.145867416124112859e-02
-2.164066642812035798e-02
-2.190050641673071605e-02
-2.208367330778005649e-02
-2.226389793215506965e-02
-2.252410423276935553e-02
-2.267500714723690719e-02
-2.288729199861101044e-02
-2.303066706656071300e-02
-2.320564342101101574e-02
-2.342861228475784721e-02
-2.361744184456774850e-02
-2.375413284393549512e-02
-2.389716194490846407e-02
-2.408479092341538758e-02
-2.422982852880479002e-02
-2.436961508130964724e-02
-2.452578694722473696e-02
-2.464118361992290174e-02
-2.476511898577404489e-02
-2.491036289585876751e-02
-2.499814135846473856e-02
-2.508995925549621295e-02
-2.524167237302606809e-02
-2.535147213779981312e-02
-2.541502707223033952e-02
-2.554153391937032461e-02
-2.561047174061920756e-02
-2.568870506140868981e-02
-2.578840266915999671e-02
-2.585766619522045229e-02
-2.599454839069371970e-02
-2.602915249674690734e-02
-2.610732207503614621e-02
-2.613943663262788264e-02
-2.622630748766661621e-02
-2.622534048588895383e-02
-2.622524205081389753e-02
-2.627521540594019919e-02
-2.636866407946565974e-02
-2.640294655573067681e-02
-2.637386999257707726e-02
-2.641287056672016881e-02
-2.643285050870570682e-02
-2.643496102353151689e-02
-2.642524443247975391e-02
-2.645258128300586112e-02
-2.644596473152667146e-02
-2.643893922039460345e-02
-2.646074305253918665e-02
-2.643410641526881474e-02
-2.639773660780332654e-02
-2.640722027401890340e-02
-2.634775313058661597e-02
-2.630748970998103564e-02
-2.623421851221332049e-02
-2.620380870374490814e-02
-2.619511129164834792e-02
-2.611718100104460510e-02
-2.602924348495102777e-02
-2.595881090744789343e-02
-2.587145484201936949e-02
-2.581045135293971379e-02
-2.572448888674775183e-02
-2.562747033808072603e-02
-2.557180619621312115e-02
-2.543138079784028338e-02
-2.534821870900943672e-02
-2.528543633516331865e-02
-2.517620643685208534e-02
-2.502043613067074859e-02
-2.487219150443695237e-02
-2.475627434115267728e-02
-2.464023087575340290e-02
-2.449719400415968987e-02
-2.439752174968864637e-02
-2.421880711240262385e-02
-2.405297203461337699e-02
-2.400773688720379134e-02
-2.377790962204789568e-02
-2.357536142562842787e-02
-2.344133668283519475e-02
-2.324233734728185785e-02
-2.306099861720890126e-02
-2.290778821730932169e-02
-2.270592346134253994e-02
-2.256764180524410343e-02
-2.238463634586371903e-02
-2.216598823868276211e-02
-2.193844178872898440e-02
-2.171449357016217233e-02
-2.143051104237050572e-02
-2.129010612696295018e-02
-2.107273775536007421e-02
-2.084989171254012646e-02
-2.066628512352143565e-02
-2.041685137372226469e-02
-2.020740017753524034e-02
-1.994934367018599830e-02
-1.973660152859670752e-02
-1.951886793104550682e-02
-1.926137863103235051e-02
-1.901056386723630823e-02
-1.873677489698639606e-02
-1.853548183266254951e-02
-1.826183640951319076e-02
-1.798197265895787322e-02
-1.773031355202855583e-02
-1.749979584956145098e-02
-1.722068457359629892e-02
-1.699079041138415805e-02
-1.667308598919879647e-02
-1.640245719458947177e-02
-1.618651177227531726e-02
-1.587065524463246793e-02
-1.559555102375932700e-02
-1.529336145249765230e-02
-1.507339451419901707e-02
-1.478096172554372451e-02
-1.450170241533374829e-02
-1.416791186196231407e-02
-1.390400704320413072e-02
-1.363999222222197702e-02
-1.336630427373081478e-02
-1.306187005374848630e-02
-1.275799696098019881e-02
-1.251587117927221646e-02
-1.222029809352335496e-02
-1.195365026710777483e-02
-1.166328324710315736e-02
-1.137172611745812870e-02
-1.106714269690672187e-02
-1.078907119227013808e-02
-1.046803090773285039e-02
-1.020743211688706145e-02
-9.932093058545674730e-03
-9.654539940024246120e-03
-9.398872578887619220e-03
-9.048346465450055748e-03
-8.780999793818447877e-03
-8.481949468698977979e-03
-8.252053766319890002e-03
-7.903625312882928827e-03
-7.654874498390442511e-03
-7.382798765529842086e-03
-7.109486523893422498e-03
-6.775233897122548421e-03
-6.578174420422211802e-03
-6.255258470067908728e-03
-6.010902058680725468e-03
-5.744797587415596471e-03
-5.508869896427113534e-03
-5.225475090521849823e-03
-4.965796884247866520e-03
-4.630234228070910681e-03
-4.314959026115768558e-03
-4.088920163921539765e-03
-3.822238638538282083e-03
-3.608982121838270538e-03
-3.305469197348771555e-03
-3.025093579948609501e-03
-2.749254179387876969e-03
-2.571804919448441879e-03
-2.297767966491741278e-03
-2.009276225311643418e-03
-1.723848203995456642e-03
-1.487447741679799205e-03
-1.212830860915204822e-03
-9.610032842948431882e-04
-7.676834433183020055e-04
-5.347387813244770024e-04
-2.577402259182366012e-04
-2.918027144109335066e-06
2.253140037525185643e-04
4.503835427688531920e-04
7.152876747354355988e-04
9.421948467404533999e-04
1.159838848360969423e-03
1.368378320662001248e-03
1.635826550267685748e-03
1.902303136189764697e-03
2.123553806249567789e-03
2.268673757022504275e-03
2.552676618131521479e-03
2.737193176737045316e-03
2.999565305121643707e-03
3.243147132335577002e-03
3.454820261375252978e-03
3.681539804333180520e-03
3.868792683434937787e-03
4.074026132371984590e-03
4.310816802368129703e-03
4.476668234028103807e-03
4.660110542882923805e-03
4.906071099405932834e-03
5.108125585295972965e-03
5.273651821637539983e-03
5.450336589060069022e-03
5.645460658850910175e-03
5.836020398946091363e-03
5.984660783136600860e-03
6.137747324099366956e-03
6.362979824887662894e-03
6.557842065275334975e-03
6.738156116646262447e-03
6.855381560081016089e-03
7.047625116462190656e-03
7.163584970352291324e-03
7.301252356500741517e-03
7.472304149014097861e-03
7.625715494694569087e-03
7.775457617919068719e-03
7.948295897961681761e-03
8.071829127328782050e-03
8.147739391083638760e-03
8.310027381641904923e-03
8.418078569613556689e-03
8.583193283166491369e-03
8.697093959564477714e-03
8.784532349051302896e-03
8.869791556724401088e-03
8.944981609410181458e-03
9.027225105228067412e-03
9.194138761767814763e-03
9.278692929541509579e-03
9.302644311770637622e-03
9.370799598817544998e-03
9.471390148403180040e-03
9.562397566448001610e-03
9.648207920380159897e-03
9.690684453234262377e-03
9.709577630723501690e-03
9.791707860833963328e-03
9.823798698468546794e-03
9.903123267886075956e-03
9.926773576269920518e-03
9.915733814759674150e-03
9.945072884000677460e-03
9.978527059271085492e-03
1.000490099969780083e-02
9.998728232839419749e-03
1.005672885760366432e-02
1.006344192930613141e-02
1.005187663712682998e-02
1.003430598274037897e-02
1.003525404748231882e-02
9.943510295658711945e-03
1.001903860570926320e-02
9.967003258237494209e-03
9.949548020685292787e-03
9.979411359721605465e-03
9.888313920349502475e-03
9.839875296093982329e-03
9.780811916820141005e-03
9.774920759430804143e-03
9.684142370105766964e-03
9.618936886480636966e-03
9.580696115336920227e-03
9.538942389585908579e-03
9.435794010243752847e-03
9.368108934814269387e-03
9.314900601199296165e-03
9.246941210424105065e-03
9.111817546243990498e-03
9.066224923711977898e-03
9.006484432947547969e-03
8.906739462053753220e-03
8.804972922722947848e-03
8.775183677350513120e-03
8.652567503601833743e-03
8.542231993964082004e-03
8.420645686168333130e-03
8.343149879308514247e-03
8.230004347895579497e-03
8.156908116058561239e-03
8.019799924436991564e-03
7.892600167689535484e-03
7.809464787822275635e-03
7.655202862950410622e-03
7.555938994007174205e-03
7.428974012734080798e-03
7.252613588224213897e-03
7.117309231763998233e-03
7.053530525253579909e-03
6.915895383222933450e-03
6.782081745681408681e-03
6.639440582633184679e-03
6.515306310356456035e-03
6.336522663351337216e-03
6.253097893409815741e-03
6.078625725637978351e-03
5.953484343917593395e-03
5.788023344558784929e-03
5.640355448783954985e-03
5.517132207619797335e-03
5.377204809160185048e-03
5.218887210013179768e-03
5.033376345427196391e-03
4.875144005431053702e-03
4.707376538188556316e-03
4.513886609791359708e-03
4.392984993475614226e-03
4.178519043448503806e-03
4.037544062381727070e-03
3.888486732516661937e-03
3.726947831644435161e-03
3.558388717994191014e-03
3.371842996721396719e-03
3.248394737767171074e-03
3.020912616362865424e-03
2.858646254318757737e-03
2.704720965807195805e-03
2.511141896642115744e-03
2.391683457823627450e-03
2.189785222366962599e-03
1.996945792499089760e-03
1.824432317198920739e-03
1.642243830709752550e-03
1.452445641886561389e-03
1.290501129070923975e-03
1.095439325113669628e-03
8.968646865256804180e-04
7.120687411756026087e-04
4.791432139084760727e-04
3.417536161722358802e-04
1.128355537990420788e-04
-8.704774667541818618e-05
-2.978923509107572797e-04
-4.770597726692892828e-04
-6.883074636454254193e-04
-8.905685120580678245e-04
-1.069013259660873700e-03
-1.254014238046156048e-03
-1.473464262891882159e-03
-1.681674862258886226e-03
-1.849421662035087956e-03
-2.082844423341584806e-03
-2.244239033618757387e-03
-2.478261285652722228e-03
-2.702917305336224180e-03
-2.924273823567368619e-03
-3.125264738091172809e-03
-3.317051838223049678e-03
-3.585499718421432825e-03
-3.796831076731967645e-03
-3.985099322174721556e-03
-4.174266454707580010e-03
-4.388995248341715817e-03
-4.605995320480875226e-03
-4.820499555914643970e-03
-5.029509097031320194e-03
-5.213337155825291218e-03
-5.447039820180492840e-03
-5.620767664414430195e-03
-5.852376596832404090e-03
-6.103820578290362030e-03
-6.305513060896617179e-03
-6.484572559538346291e-03
-6.651368088368993063e-03
-6.885183670887284543e-03
-7.056915547627082112e-03
-7.297641097251267479e-03
-7.466744428208070550e-03
-7.677014389392787345e-03
-7.886305764286777667e-03
-8.069814285291779590e-03
-8.234286391321487750e-03
-8.459210742632557872e-03
