-1.359947145544302056e-04
-1.649676922294486428e-04
-1.786679584587633673e-04
-1.809747930185772705e-04
-2.113060985967939772e-04
-2.158142131659232716e-04
-2.566041849349339691e-04
-2.374782473869785024e-04
-2.769055079868771511e-04
-3.293120307868910562e-04
-3.529947217749733685e-04
-3.338373901599932031e-04
-3.464219599350819127e-04
-3.595237077033554924e-04
-4.166620579528753981e-04
-4.206031599753990010e-04
-4.601449233498106778e-04
-4.767741824069228582e-04
-4.378784953639143279e-04
-4.641236119611460791e-04
-5.090952091081336851e-04
-5.128258452555903030e-04
-5.037676851436500560e-04
-5.653991744340485437e-04
-6.253679227435149975e-04
-6.317876568881498596e-04
-6.457077994360717332e-04
-6.630663762452028778e-04
-7.363413897131145924e-04
-7.384672507751244373e-04
-7.626304717270350735e-04
-8.128069435670340868e-04
-8.286452483988935008e-04
-8.638429045837600845e-04
-8.595063291196440884e-04
-8.899115220649463521e-04
-8.947243215596829141e-04
-9.381872680046061865e-04
-9.725173849784959131e-04
-9.971021099293136264e-04
-1.005716991825220943e-03
-1.007579487517675084e-03
-1.105676060846843721e-03
-1.139868197719499888e-03
-1.184541932494129115e-03
-1.144830416454005505e-03
-1.223391963182967734e-03
-1.184267687685754611e-03
-1.222093533079056209e-03
-1.333729808044889975e-03
-1.328372711724542339e-03
-1.350150382649800565e-03
-1.355690484400518718e-03
-1.444356832478311051e-03
-1.430587640474296303e-03
-1.455761430030262562e-03
-1.457366978843147465e-03
-1.447182653199093104e-03
-1.573916656974768281e-03
-1.591484277608772773e-03
-1.614525632372959887e-03
-1.590331327647787106e-03
-1.602804851096968500e-03
-1.630961509736570227e-03
-1.712181297539074444e-03
-1.772354257705387702e-03
-1.768046809820783029e-03
-1.749497378321720554e-03
-1.783670758229864966e-03
-1.872395327591711142e-03
-1.929707158156469815e-03
-1.955674740711740335e-03
-1.989370738956364269e-03
-2.037261311058822643e-03
-2.076853734989854167e-03
-2.082684707908627995e-03
-2.089073104406848069e-03
-2.104716443341016641e-03
-2.136349255463645090e-03
-2.129302786128625755e-03
-2.163217883604200923e-03
-2.205877864809564857e-03
-2.253109548857185063e-03
-2.281984101531599023e-03
-2.309832151055713455e-03
-2.389838372315629313e-03
-2.378320237792476421e-03
-2.387121905411400662e-03
-2.418678996524929042e-03
-2.488151090779038878e-03
-2.540727677777083159e-03
-2.494296065311980663e-03
-2.544097733634714115e-03
-2.546965929133561315e-03
-2.620990381869901277e-03
-2.674560800111091402e-03
-2.724181769619559920e-03
-2.720146868964726673e-03
-2.764581584988044880e-03
-2.800719900846039816e-03
-2.808249545266024681e-03
-2.873816760042782574e-03
-2.896343210040094700e-03
-2.946404031780104280e-03
-2.930230229944760095e-03
-2.926913571525277796e-03
-2.971543236728784679e-03
-3.015362511930270474e-03
-3.062474888684578109e-03
-3.070107721637992289e-03
-3.084354311536109498e-03
-3.112196577784529655e-03
-3.117451228677369391e-03
-3.140591275509509606e-03
-3.214870662377147803e-03
-3.216276290880119154e-03
-3.189927933303699469e-03
-3.258417192105821265e-03
-3.274447800986867319e-03
-3.267062467958962643e-03
-3.354436007577105746e-03
-3.355886814179137936e-03
-3.336973926949394868e-03
-3.352936066611612431e-03
-3.395005857888480725e-03
-3.394192261946987407e-03
-3.425984828585497931e-03
-3.422425518549744149e-03
-3.404532819632364194e-03
-3.413068485949806875e-03
-3.475459434373719906e-03
-3.444861102180685371e-03
-3.492179596430939562e-03
-3.477062328388685116e-03
-3.495534239588088312e-03
-3.465471129991783746e-03
-3.481103918109555110e-03
-3.527898538499537728e-03
-3.500134880211645556e-03
-3.505753677372369908e-03
-3.524598983353968880e-03
-3.577515878781766835e-03
-3.528132615510272321e-03
-3.537818686736675638e-03
-3.507704483127400442e-03
-3.574526957429873843e-03
-3.569919890449991910e-03
-3.591756314445191441e-03
-3.577379346934125414e-03
-3.546337638457486632e-03
-3.590717486409653221e-03
-3.565523852821000581e-03
-3.610904107085444095e-03
-3.621074303461447978e-03
-3.591518604607339595e-03
-3.575806835784432931e-03
-3.583344066777027510e-03
-3.604863166400722012e-03
-3.634750838207522448e-03
-3.639813253270723827e-03
-3.629780166804016332e-03
-3.627089891478834337e-03
-3.649201827724955337e-03
-3.637294697613582904e-03
-3.622181158636477143e-03
-3.627652356529191026e-03
-3.608969701952036927e-03
-3.639302683892003867e-03
-3.643177050654747805e-03
-3.640199756889147924e-03
-3.669503644906359826e-03
-3.640264646941441216e-03
-3.628040974759555101e-03
-3.644811250019699359e-03
-3.673251157204093266e-03
-3.661791072943546780e-03
-3.694043449773744010e-03
-3.669673844789938123e-03
-3.612287689608980647e-03
-3.621547413317900005e-03
-3.626221281891493873e-03
-3.659174496014641967e-03
-3.589883613925458090e-03
-3.663498593618570807e-03
-3.618190028763815843e-03
-3.610138015244082187e-03
-3.619560264559464578e-03
-3.669259022779219285e-03
-3.628881963522698727e-03
-3.612620781505418519e-03
-3.611548158179033689e-03
-3.597504468978839336e-03
-3.572215789404362737e-03
-3.552491892791156611e-03
-3.556060712611019015e-03
-3.631452033404050650e-03
-3.593895352487011530e-03
-3.551618965238893030e-03
-3.575165689144533480e-03
-3.525401815559913062e-03
-3.563020511965720762e-03
-3.498283300087991817e-03
-3.497645013967703477e-03
-3.437152857456674416e-03
-3.404783917994662259e-03
-3.402255443629025305e-03
-3.388213870980241651e-03
-3.412213569150155269e-03
-3.425986815072854918e-03
-3.331224824842876978e-03
-3.313283883847895680e-03
-3.337405939106062765e-03
-3.275416255979847740e-03
-3.282439174201646440e-03
-3.296163263248722691e-03
-3.292286632794765109e-03
-3.225213638116368985e-03
-3.199090566413494586e-03
-3.152077598832085138e-03
-3.160330771196141492e-03
-3.076748271109994506e-03
-3.069737431748641079e-03
-3.083388136402501548e-03
-3.008756250782079148e-03
-3.008184457927844200e-03
-2.993617012585959684e-03
-2.944477511072574050e-03
-2.954601082012587102e-03
-2.916426942481566923e-03
-2.882273501677069111e-03
-2.850260516750582722e-03
-2.810277879447970525e-03
-2.797299507767339512e-03
-2.798625617746814970e-03
-2.739664782161321550e-03
-2.682529696878403411e-03
-2.632982501799102128e-03
-2.627868725277370497e-03
-2.616987796096861048e-03
-2.573265228301938046e-03
-2.565090250767601467e-03
-2.556705451741154728e-03
-2.476289593034539886e-03
-2.447778140131963171e-03
-2.405663866329516096e-03
-2.401867994619544949e-03
-2.360531505969598164e-03
-2.286737609160280002e-03
-2.263510618528474360e-03
-2.248861911277830108e-03
-2.239366990437627325e-03
-2.220629466353160088e-03
-2.160244075790680989e-03
-2.170593334040327258e-03
-2.079241910725468032e-03
-2.051331487124018627e-03
-2.049602525282266229e-03
-2.022646428403303189e-03
-2.033133978808341139e-03
-2.017466825383554350e-03
-2.011619917382125207e-03
-1.904922269563499642e-03
-1.879719278449150854e-03
-1.869907461977832804e-03
-1.891970001934230533e-03
-1.787779288109184054e-03
-1.811814379982195581e-03
-1.790922128675964111e-03
-1.752987270000687728e-03
-1.748415120980241575e-03
-1.730862600945509613e-03
-1.701239515186020587e-03
-1.678561861340899502e-03
-1.658662356581006025e-03
-1.642637539837655007e-03
-1.553890574611629374e-03
-1.584514037805758715e-03
-1.538012652832700935e-03
-1.515608878076204081e-03
-1.498144009506135760e-03
-1.454813417790319597e-03
-1.363257807643788967e-03
-1.404779637703603562e-03
-1.420656903781274388e-03
-1.430087765569687313e-03
-1.388756246808296345e-03
-1.305803718334128853e-03
-1.304015624357214532e-03
-1.289726084094328226e-03
-1.250181637949376217e-03
-1.232926623682960385e-03
-1.214149679985298408e-03
-1.177490991191686457e-03
-1.136770766684738754e-03
-1.100262637451092417e-03
-1.109930830225756707e-03
-1.100932820822278849e-03
-1.077123037105635331e-03
-1.031345925514739201e-03
-1.002525183627676203e-03
-9.790859443775910831e-04
-9.391701871616592399e-04
-9.072612574894103540e-04
-9.075502673061952141e-04
-8.952828971310168929e-04
-8.811731890711533340e-04
-8.352228083080421835e-04
-8.090714524142122869e-04
-7.518190809420796780e-04
-7.126222283421435825e-04
-7.125971005565004445e-04
-6.835960988252305160e-04
-6.997941990351891567e-04
-6.342279562108343741e-04
-5.951920655237767557e-04
-5.752702180803892637e-04
-5.395716192524860691e-04
-5.243005215615982768e-04
-5.280921887180169876e-04
-4.625838420169301650e-04
-4.681991011742832874e-04
-4.345458318085435338e-04
-3.658387187869143777e-04
-2.941689639579251258e-04
-2.984054585655779388e-04
-2.896723362999638839e-04
-2.463721824621784148e-04
-2.164766619663343738e-04
-2.150764184217315606e-04
-1.793442287592776976e-04
-1.472288589365621284e-04
-9.060563112337577331e-05
-1.058018211387064543e-04
9.664062885744874293e-06
1.682975664447753945e-05
4.527627386644687970e-05
7.288368249903826891e-05
1.513798127932169425e-04
1.693282342221095105e-04
1.800438853702769680e-04
1.620340056204086531e-04
2.120614000558427431e-04
2.235360628631219437e-04
2.560225403635064457e-04
2.791647469036778349e-04
3.620146536453751514e-04
3.495615445433353599e-04
3.642682140129168745e-04
3.734667708950981145e-04
4.391328857492490215e-04
4.168513900856771225e-04
4.800646446821203945e-04
5.044338857505895057e-04
5.327259038785327368e-04
5.427648351351447914e-04
5.426563857867150497e-04
5.668703996111021555e-04
5.931776800555608716e-04
5.937302642361595327e-04
5.892297095978339758e-04
6.220086113548565620e-04
6.479811372819443320e-04
6.647439344280870735e-04
7.287840321505121861e-04
7.138316403307187362e-04
7.079324247319509827e-04
6.940340654634883115e-04
7.021909617889775593e-04
7.439886660424637008e-04
7.132521656969191244e-04
7.426575834376192634e-04
7.744773911220339353e-04
7.641370573924365257e-04
7.886438537957661879e-04
8.130265634745019801e-04
8.300579852075598867e-04
8.362447303078935712e-04
8.750391617516504669e-04
8.384991721084994725e-04
8.517287576167876118e-04
8.982055961445118038e-04
8.863518841065927975e-04
9.071866038897261324e-04
9.358681909191604370e-04
9.017683162737109457e-04
8.928240233733874967e-04
9.186697912091786825e-04
9.359182604905456849e-04
9.550422409021621728e-04
9.504710458143414030e-04
9.108100896165037411e-04
9.397410111763913150e-04
9.254846845310442252e-04
9.022970210959253921e-04
9.439494794547651944e-04
9.907820116882750782e-04
1.018449266750973137e-03
1.027124432394279155e-03
1.007322346467923527e-03
9.516442021448675475e-04
9.488622866349446985e-04
1.034283365438387007e-03
9.856394071283763273e-04
1.023284867567776906e-03
1.042123345643411079e-03
1.020381622660980394e-03
1.006729732858728608e-03
1.031970994238169551e-03
1.025153045743866813e-03
1.034586432846971906e-03
1.084129320327085469e-03
1.035731640863351774e-03
1.039260848859724232e-03
1.093265322962166507e-03
1.096586798255128319e-03
1.085218016134145876e-03
1.065275449626348165e-03
1.083492732406064318e-03
1.102814103010822883e-03
1.110058245995473262e-03
1.143679614916872939e-03
1.144773354276119696e-03
1.137568333852035252e-03
1.163696358112573537e-03
1.129881119709197530e-03
1.152298563374713584e-03
1.205434575621055614e-03
1.224519701170698194e-03
1.203093574424236823e-03
1.203542166731366931e-03
1.199461104577824455e-03
1.167748719816036557e-03
1.183116370692464687e-03
1.185646215338828418e-03
1.211011792168208102e-03
1.254982577498676673e-03
1.291674806727737381e-03
1.266071615341250083e-03
1.270609926210835910e-03
1.273288591814678884e-03
1.266214296716327821e-03
1.284885504409680190e-03
1.348912691421694492e-03
1.309927428842814568e-03
1.299326668537811218e-03
1.290925080642058844e-03
1.290770338086021313e-03
1.266924821888961187e-03
1.307834834773410893e-03
1.322597366387248674e-03
1.325074144765405046e-03
1.336333262034310144e-03
1.260151984927323230e-03
1.237124326732616910e-03
1.281924582785440173e-03
1.352459314129302731e-03
1.332288422549683876e-03
1.338279862693162727e-03
1.299411899577232465e-03
1.346977435973896594e-03
1.325936873558420260e-03
1.297617484076070719e-03
1.370596412793918589e-03
1.346052478463000699e-03
1.332708389064090563e-03
1.386073085488172350e-03
1.325688216983826953e-03
1.351292729672484575e-03
1.385154622395074918e-03
1.348063067439569810e-03
1.314171082752790994e-03
1.367439664670571861e-03
1.368432259116791980e-03
1.287369495832108241e-03
1.323326839604311526e-03
1.321265198898054563e-03
1.332045532983151771e-03
1.374950129578701502e-03
1.300124441989366922e-03
1.276563285869083053e-03
1.278510734441315119e-03
1.330129931945858799e-03
1.274331395745428473e-03
1.268113780139350872e-03
1.274312960817118676e-03
1.330546660935706064e-03
1.299405603056276361e-03
1.294736390661921106e-03
1.248312001214347535e-03
1.254336660436507125e-03
1.232344451043044945e-03
1.207952401461673785e-03
1.224000743825957036e-03
1.237243971776995095e-03
1.215190960795054734e-03
1.178542525473973450e-03
1.233136665754708001e-03
1.219400322289309214e-03
1.212323096857184342e-03
1.158257539848690700e-03
1.243818062775332509e-03
1.192512495510000825e-03
1.193700663197023353e-03
1.169440542886633107e-03
1.148055057446215358e-03
1.148815011786862364e-03
1.180174149413756738e-03
1.232222880284247453e-03
1.240197855550365319e-03
1.202165438788994336e-03
1.200938261215521354e-03
1.173912580278733096e-03
1.222706494537331929e-03
1.210330275327665744e-03
1.214777159315362986e-03
1.209602230708975087e-03
1.256975844520693631e-03
1.212604957724969148e-03
1.243579176954883337e-03
1.258910811947773793e-03
1.234655768842627451e-03
1.224739539540795801e-03
1.257284375629211769e-03
1.282758662067559575e-03
1.293415468202326318e-03
1.295527438675043866e-03
1.276442621524469506e-03
1.286608465316184304e-03
1.285053971687055881e-03
1.311081472562836917e-03
1.299265530922986533e-03
1.342186276194630521e-03
1.335019007299351450e-03
1.285257205036747065e-03
1.316834277238007958e-03
1.349024273755745386e-03
1.370941708713433946e-03
1.345987339642687767e-03
1.377647405781768503e-03
1.358921540832844135e-03
1.392913034914800181e-03
1.464179580216387003e-03
1.463074168680898214e-03
1.404936805437254511e-03
1.454103560509589907e-03
1.444018921916575453e-03
1.435930862752551667e-03
1.419995258720050876e-03
1.440459446330001007e-03
1.454036972059835099e-03
1.477472922990413990e-03
1.499960589496222721e-03
1.503972397949626281e-03
1.528776355768221443e-03
1.503504171331754898e-03
1.487789063947708669e-03
1.550611733782239531e-03
1.572110224987871042e-03
1.585898745270253579e-03
1.590688214039168592e-03
1.580081786190012938e-03
1.594993760004766213e-03
1.564911350094501125e-03
1.639156696335874065e-03
1.660922217447291733e-03
1.723251283296647072e-03
1.737372215219789087e-03
1.718278127961859591e-03
1.750762488679800510e-03
1.743096525543231948e-03
1.749446700583250905e-03
1.764896633829227124e-03
1.824313480043999276e-03
1.826085000854533319e-03
1.880511561301935995e-03
1.882119260898521126e-03
1.875236414686239734e-03
1.891924907334523826e-03
1.926966319542348319e-03
1.961437140455617959e-03
1.963789942030262897e-03
2.017914611664046662e-03
2.053893229014206248e-03
2.129035842279085062e-03
2.162778986785725364e-03
2.182395321639300431e-03
2.205023240654757806e-03
2.205318505878578559e-03
2.230675024744926700e-03
2.246395490983268354e-03
2.272690099215474765e-03
2.327889196874562312e-03
2.387577306984367716e-03
2.389910478105290031e-03
2.410291887685352911e-03
2.450675286725489520e-03
2.449782832821338976e-03
2.489818002273666477e-03
2.539355953805378513e-03
2.554579232179053291e-03
2.590351194993845575e-03
2.642020694999391503e-03
2.644425663429204529e-03
2.720121352809419957e-03
2.749047813857643293e-03
2.811296610103642107e-03
2.798093070323339794e-03
2.835798238452298756e-03
2.929014185216342880e-03
2.904251075490787721e-03
2.982655626986171170e-03
3.034459934615966418e-03
3.045600856113309021e-03
3.118740214409473303e-03
3.157583601385590896e-03
3.107883743011645352e-03
3.198591911623490866e-03
3.267203579577583616e-03
3.314209671142951362e-03
3.354797614600011583e-03
3.383976281673140452e-03
3.439212557394186014e-03
3.498220489643076754e-03
3.540953450916213552e-03
3.556688379623268274e-03
3.633708444716342561e-03
3.611723699197939407e-03
3.668716585672476480e-03
3.760293763433878236e-03
3.853885541362693425e-03
3.875464585473093089e-03
3.906587963941230215e-03
4.024129208914962140e-03
4.073215531418599919e-03
4.114770300602867484e-03
4.148999910887916746e-03
4.105549213254970978e-03
4.228272320695387713e-03
4.281335131515134548e-03
4.340682745227436405e-03
4.404775519642833634e-03
4.472746546747218346e-03
4.530323523577282387e-03
4.540949191395272748e-03
4.585912569693149574e-03
4.651010523420610367e-03
4.766251558729274647e-03
4.781150990059571289e-03
4.854052083125228248e-03
4.879796618382625101e-03
4.952828849664338284e-03
4.995659485879175819e-03
5.070792685061796534e-03
5.075031469781340378e-03
5.123837148964100613e-03
5.245760074396517078e-03
5.248503904951442624e-03
5.308136365320397822e-03
5.348651874680684926e-03
5.458102062932707055e-03
5.485988366396747813e-03
5.522403861375422759e-03
5.592346571876872022e-03
5.618181109704471071e-03
5.698917270420543989e-03
5.755023267780828497e-03
5.809536724697519569e-03
5.851111380895252824e-03
5.922020989804796347e-03
5.962172488952040272e-03
6.028640552434282388e-03
6.070134190355986649e-03
6.114254612543419155e-03
6.213617804452327940e-03
6.319444492500043802e-03
6.363155851449241521e-03
6.388590185639708013e-03
6.436996719041766617e-03
6.507374837816545972e-03
6.571716152517688599e-03
6.661755348866608452e-03
6.697472107149501398e-03
6.742946107359160286e-03
6.775056098609708727e-03
6.868801992003488802e-03
6.923426626722180115e-03
7.023446555537222157e-03
7.072020589825472360e-03
7.138447524673054156e-03
7.155973833957955145e-03
7.242502901393929604e-03
7.354089471493505115e-03
7.381836268360855366e-03
7.432537878838606400e-03
7.541456494953122959e-03
7.528525584227415031e-03
7.671367958489366118e-03
7.736822527978136008e-03
7.805433960311445457e-03
7.866681545062597855e-03
7.965591751142577989e-03
8.050487565989096136e-03
8.087792744451809124e-03
8.120515903891671605e-03
8.204337662444745674e-03
8.284612475614116026e-03
8.336163406107970769e-03
8.425450901512797700e-03
8.441781046769045865e-03
8.508349301560459016e-03
8.574120725278048735e-03
8.675923224018456878e-03
8.720640888259354948e-03
8.780028355130533105e-03
8.874013625758341017e-03
8.957077782707592237e-03
8.994511307218806123e-03
9.013908557855242198e-03
9.086773992147965592e-03
9.155183984348905235e-03
9.267386765680344501e-03
9.341572096120442578e-03
9.383652815931885563e-03
9.420375197034895273e-03
9.508681448934139593e-03
9.558165210149375743e-03
9.615740008274937384e-03
9.690435796513860792e-03
9.770131119791547816e-03
9.822734133933122905e-03
9.928076553230837098e-03
9.910915156523328329e-03
9.956091661949342808e-03
1.003638795997035572e-02
1.008052013438253715e-02
1.016429602205350807e-02
1.016193865198956187e-02
1.022962654869459358e-02
1.027965059553379717e-02
1.032972522587414371e-02
1.039581612038943670e-02
1.045833065139248862e-02
1.048634941717270508e-02
1.053666199764003060e-02
1.053292171069458369e-02
1.061976505223150187e-02
1.067535032613302348e-02
1.073396495364610514e-02
1.071773449472119763e-02
1.079914176174495005e-02
1.085082874383105044e-02
1.085890420916608111e-02
1.091163162490028579e-02
1.089270758042275300e-02
1.100890111157066913e-02
1.106136517871845158e-02
1.104690329793086602e-02
1.106803359774534770e-02
1.117671593714643710e-02
1.122194037239775122e-02
1.124840357769406503e-02
1.126998834367168821e-02
1.129520616299018246e-02
1.130150296447849853e-02
1.137078672087671327e-02
1.139128052275903760e-02
1.150116224581775211e-02
1.150930335046434355e-02
1.151705503621762265e-02
1.154076423271600989e-02
1.159328308940191579e-02
1.165513089498266056e-02
1.173543300822439336e-02
1.178218130929273473e-02
1.179775120335624199e-02
1.180311090467610347e-02
1.185736723775211894e-02
1.191299701887282500e-02
1.185687287390198991e-02
1.192127848797902220e-02
1.204381563008003440e-02
1.202561477353299851e-02
1.204662681504034896e-02
1.208239438520667709e-02
1.207354405208829577e-02
1.210160246091356376e-02
1.214178938754177477e-02
1.219827697970374443e-02
1.223458660844765726e-02
1.228324562807664271e-02
1.232751218429991441e-02
1.233302317328053253e-02
1.231362703735939396e-02
1.237545674755850984e-02
1.239535946445756778e-02
1.242484972671942245e-02
1.247479793012182085e-02
1.248857892399570998e-02
1.251066055194708856e-02
1.250765848178896598e-02
1.254919762166945355e-02
1.256722327334261133e-02
1.261984293159197808e-02
1.263326118623408698e-02
1.266197464836733844e-02
1.266563717907343185e-02
1.270402384666607931e-02
1.275204262164502007e-02
1.273835388015561940e-02
1.271964018516847338e-02
1.276693898150095194e-02
1.276490709365098349e-02
1.282142839174814884e-02
1.283691752087936719e-02
1.284228938884468367e-02
1.285821973260123548e-02
1.281865331967321428e-02
1.286202299832794535e-02
1.283813448167178163e-02
1.288767002916779703e-02
1.291367999990435111e-02
1.286096578759479692e-02
1.288637105657924366e-02
1.293618585298819679e-02
1.292967076391507431e-02
1.294442409304736794e-02
1.292901401512954601e-02
1.295650046006241105e-02
1.298845552712482240e-02
1.296741267968383286e-02
1.300769113883662800e-02
1.300868608073910658e-02
1.300779632581686857e-02
1.299763538013631176e-02
1.294852237150559589e-02
1.298801543846965154e-02
1.298518200266261281e-02
1.300989547375067633e-02
1.302601041063904466e-02
1.302728363040656957e-02
1.300650693538093344e-02
1.299049303096810187e-02
1.297870667601329527e-02
1.298519400886178829e-02
1.301610113754110391e-02
1.298493117511226834e-02
1.300479111512043567e-02
1.296505592841642497e-02
1.298486851886383221e-02
1.291659336309729580e-02
1.297883053793256157e-02
1.298987673005345088e-02
1.298393405879676166e-02
1.295328355712229221e-02
1.294102195412924657e-02
1.296566364028239188e-02
1.294713115376375061e-02
1.294178260090149413e-02
1.294184397768426663e-02
1.292221497573426726e-02
1.290460020055578944e-02
1.288657871091969560e-02
1.287885540181933110e-02
1.288719360877543275e-02
1.291748550235517594e-02
1.288677172652222779e-02
1.285834381346244448e-02
1.289124176759741218e-02
1.289090473609437459e-02
1.285760191026679225e-02
1.284246766285630954e-02
1.285836346294243898e-02
1.283705191860219814e-02
1.281684314481000390e-02
1.281742895981048160e-02
1.285260637607107612e-02
1.278512430227835873e-02
1.282554581381422677e-02
1.285037420373805021e-02
1.282929642925341972e-02
1.278541542004632200e-02
1.274427239126452345e-02
1.284077760090908404e-02
1.285118031667734952e-02
1.287867158325750432e-02
1.282129477128991085e-02
1.284024193227841122e-02
1.283216394744309680e-02
1.282011777077868113e-02
1.281335049344424319e-02
1.283448905435950228e-02
1.282582103530010599e-02
1.286481311500419812e-02
1.285172511088365256e-02
1.288330480321827481e-02
1.289130825406187807e-02
1.291160162866340083e-02
1.290370716639482537e-02
1.291282433842116245e-02
1.291049733628163443e-02
1.287284387728597664e-02
1.292178752590519494e-02
1.292180161881221513e-02
1.296894577332901102e-02
1.296362773764738602e-02
1.300769537591126013e-02
1.296651074181838677e-02
1.300175547710233706e-02
1.304945548149074284e-02
1.304880546044333289e-02
1.306338604546329434e-02
1.308754537068038820e-02
1.310904454561680026e-02
1.313826597155388735e-02
1.315206434310558885e-02
1.315957291130249139e-02
1.320012605711415668e-02
1.324001782963529772e-02
1.324158214147059219e-02
1.325438654459342586e-02
1.332076890370792813e-02
1.335407185877674277e-02
1.342865645890646553e-02
1.344020550960757683e-02
1.340264536383107760e-02
1.343730931349039655e-02
1.348787318449335901e-02
1.350779978138332005e-02
1.360607981531024822e-02
1.362678426169997535e-02
1.365135306492942964e-02
1.365412053027608222e-02
1.371558200985387686e-02
1.373683550442446680e-02
1.378602949612420421e-02
1.381531362699117693e-02
1.392386632277691459e-02
1.393571545268105713e-02
1.398686100358946527e-02
1.401567641998836475e-02
1.408898367851282342e-02
1.415599623090812997e-02
1.421718902220821083e-02
1.422870781440292894e-02
1.428458882487074373e-02
1.434588872289380146e-02
1.439068729055447728e-02
1.447190845992422058e-02
1.451289134059163474e-02
1.462488274497422171e-02
1.470354109404001589e-02
1.473990208489762629e-02
1.481815654842309066e-02
1.490786651181298661e-02
1.497039570362486416e-02
1.502200849418789536e-02
1.508185425411291865e-02
1.518619876719147846e-02
1.527021481076183511e-02
1.535241910299844220e-02
1.546644585610270663e-02
1.557080026786880796e-02
1.562288824343363233e-02
1.567758492046736341e-02
1.581185301512557512e-02
1.590319378697295505e-02
1.599692464567143216e-02
1.615203559770903366e-02
1.628913418217146913e-02
1.637900418956541454e-02
1.646877579648013679e-02
1.658718365989315935e-02
1.671494721556607277e-02
1.678260829349297045e-02
1.690235605772102273e-02
1.702689590109419254e-02
1.718775226115332178e-02
1.728813401929932617e-02
1.741379336589926261e-02
1.759207518143625706e-02
1.772108940163429416e-02
1.785315293469446132e-02
1.797643203872810805e-02
1.815724008408957715e-02
1.828385164236632707e-02
1.842497860815925717e-02
1.858391298878543998e-02
1.869327300432964065e-02
1.890300314728536948e-02
1.907639834455690520e-02
1.927712756326672647e-02
1.941707970592913488e-02
1.956807092699345066e-02
1.970347074539925691e-02
1.986872936890986957e-02
2.007612637150242921e-02
2.031074786911946789e-02
2.045178711757374146e-02
2.064725696815650560e-02
2.087077601427282311e-02
2.102968701148679245e-02
2.120589757458388874e-02
2.143418996807343324e-02
2.162858821803899032e-02
2.179167331235235330e-02
2.194266585933938446e-02
2.219419524990232442e-02
2.242704692128999824e-02
2.268262094711837734e-02
2.284498182689353313e-02
2.309997872588435627e-02
2.329705271897746996e-02
2.351207736580957636e-02
2.374677076330301839e-02
2.394322126490405767e-02
2.424052638403879217e-02
2.445998013851172909e-02
2.469796705710429127e-02
2.492564951663762268e-02
2.514496757121317122e-02
2.542110243607762637e-02
2.560308421369638862e-02
2.583300835137264037e-02
2.613148072633043884e-02
2.641764314564537530e-02
2.671334689673648261e-02
2.692354379351116767e-02
2.717064321456063442e-02
2.744787299574812794e-02
2.771872172949478227e-02
2.801250399247241091e-02
2.829016608706100624e-02
2.858500274401715863e-02
2.877756554150092197e-02
2.906475313535126018e-02
2.939592407632659471e-02
2.966407658790138832e-02
2.996420340792341902e-02
3.023975203796277003e-02
3.049594433569463581e-02
3.078255244268649632e-02
3.108456648305566589e-02
3.141278152652682981e-02
3.167256536723330601e-02
3.201331776692769443e-02
3.234487795595926418e-02
3.264053261618633794e-02
3.292025520516533160e-02
3.318476148319490088e-02
3.352632757082891352e-02
3.382463223428829047e-02
3.414475305230142005e-02
3.445346368679493704e-02
3.474032376046830295e-02
3.503172100151857871e-02
3.534453049536483843e-02
3.569756431392103607e-02
3.601705448072341220e-02
3.634232831834525307e-02
3.664655294961359500e-02
3.692529858204499082e-02
3.722803223563331959e-02
3.757941035806709740e-02
3.787003101567625041e-02
3.823220574364929319e-02
3.856595286813992857e-02
3.881615903484106345e-02
3.917553458729733373e-02
3.949455299001666114e-02
3.983600614048806582e-02
4.014723618669261557e-02
4.043767212880872153e-02
4.075707418755467049e-02
4.111431487642577126e-02
4.134813217453928852e-02
4.162692678664663137e-02
4.197837235297477432e-02
4.226775918519757452e-02
4.263857004495655301e-02
4.296971542436334168e-02
4.320113325040674662e-02
4.355829984220751377e-02
4.379188668570161563e-02
4.412445185169928258e-02
4.447206784980756861e-02
4.477302362020414012e-02
4.504203608129971059e-02
4.537133690754807658e-02
4.563776079120231144e-02
4.589420265530363974e-02
4.621539018094689144e-02
4.650965419049227223e-02
4.676674366705706187e-02
4.707255718993102328e-02
4.737895787173259515e-02
4.765089476502033794e-02
4.788573528269308988e-02
4.815821995044986675e-02
4.840473769650894403e-02
4.867622518813069510e-02
4.897029497591208480e-02
4.922837052390270640e-02
4.949955163326597712e-02
4.972846569253416144e-02
4.993417664112501791e-02
5.018967173921565911e-02
5.042816646441650175e-02
5.068545314044248240e-02
5.088931496737462978e-02
5.111081088930432420e-02
5.130689667466303144e-02
5.152084084660250168e-02
5.169830137683374682e-02
5.194945788054293467e-02
5.215397651542258428e-02
5.236231169975801014e-02
5.253295005361752895e-02
5.274605515989071874e-02
5.288450574098098322e-02
5.304305681796866317e-02
5.327623483608920352e-02
5.336966382610365545e-02
5.351166206642305606e-02
5.369101804716244764e-02
5.383812255928430851e-02
5.393857537067651975e-02
5.408683375172928381e-02
5.422729824802056259e-02
5.433321210712994259e-02
5.444420933577501925e-02
5.454970662738369697e-02
5.466070343776648771e-02
5.474181928954970078e-02
5.480258088892454166e-02
5.486637929476053527e-02
5.495686740138661791e-02
5.502314136187213406e-02
5.508001167772631768e-02
5.512093490683582508e-02
5.509824257019162175e-02
5.516076820057850411e-02
5.520788930325506300e-02
5.527702826655329915e-02
5.527958541824580518e-02
5.530831419632938062e-02
5.523352918109367821e-02
5.521640855554639515e-02
5.526897648304208294e-02
5.518500312303575850e-02
5.518441720230028713e-02
5.516336746385896994e-02
5.510678777665421746e-02
5.503105982547914360e-02
5.495852098011944076e-02
5.490329127326716574e-02
5.482820295519215403e-02
5.476217386760533212e-02
5.466971911705019449e-02
5.457148850392579825e-02
5.448739132504920590e-02
5.435015649379303093e-02
5.420722697535533541e-02
5.406150075365830088e-02
5.397224088162398681e-02
5.379781012779195210e-02
5.363314026282540309e-02
5.346942290730191671e-02
5.331981660475306611e-02
5.317548930127048712e-02
5.299789130840385637e-02
5.274912586465264897e-02
5.255716538297061646e-02
5.240690342938063989e-02
5.215686236273664456e-02
5.187734004240029950e-02
5.166320550628710623e-02
5.144702158841208545e-02
5.122285709137818638e-02
5.097805177076893818e-02
5.064894766260413100e-02
5.042226834223667575e-02
5.019480782626367654e-02
4.983556600091424565e-02
4.956976720433410588e-02
4.926276657134965459e-02
4.892702946033676559e-02
4.862996582797048800e-02
4.834742313643135975e-02
4.799241710671246774e-02
4.763018689271730777e-02
4.729718995713363267e-02
4.693101135228842230e-02
4.655949438999375939e-02
4.620956619580231239e-02
4.583166919908758519e-02
4.542677092610698103e-02
4.505357620470145513e-02
4.464999692914477930e-02
4.419932155560856585e-02
4.379984350434725643e-02
4.340330671667463197e-02
4.300014741867638074e-02
4.257061421013377117e-02
4.214602516223191209e-02
4.168329340345216377e-02
4.118661426794090891e-02
4.073888117775706363e-02
4.027066542582859177e-02
3.982420171169011314e-02
3.929234058117763578e-02
3.885207863307042764e-02
3.837179638604881066e-02
3.788052328473055785e-02
3.731944369380256477e-02
3.686813742979192648e-02
3.630514387093607825e-02
3.586053048951971106e-02
3.529506734935480838e-02
3.477565618913268375e-02
3.424914422936452957e-02
3.376169054251215024e-02
3.320590224115355787e-02
3.264801221940333981e-02
3.210546197249657119e-02
3.155057519144049277e-02
3.103111538759898216e-02
3.039619247036268526e-02
2.986497759718564210e-02
2.931911799797933330e-02
2.873706311034139940e-02
2.812603942116478906e-02
2.756828105596070833e-02
2.697447039268740729e-02
2.639832079565976666e-02
2.580718108859573340e-02
2.517737607220217957e-02
2.456030014711050105e-02
2.396156225803796128e-02
2.335149094431017078e-02
2.271057710374543154e-02
2.213737104209048331e-02
2.152570253773619657e-02
2.086935992100109188e-02
2.019242600782056654e-02
1.959530449567199392e-02
1.894474212307243124e-02
1.833368327311401744e-02
1.769869531959959025e-02
1.708299942771751567e-02
1.643362515502327925e-02
1.579805715045412909e-02
1.517016227372018806e-02
1.450066634466491006e-02
1.379377225290633752e-02
1.315204856785480610e-02
1.250802959604855984e-02
1.187387288821160555e-02
1.117812253422356163e-02
1.052369953369319128e-02
9.863785420709569526e-03
9.192352378940530852e-03
8.544369450645820582e-03
7.865725866081064999e-03
7.218942414894700087e-03
6.503923714871477114e-03
5.881350911820816367e-03
5.217888040448341244e-03
4.533856831774275495e-03
3.850698102259863392e-03
3.194612178676888709e-03
2.552154539019533923e-03
1.836694212878045747e-03
1.190612004606657467e-03
5.116871343927011052e-04
-1.339213578012896891e-04
-8.296355589223823428e-04
-1.538738399611937722e-03
-2.185827941374091955e-03
-2.815208269271948088e-03
-3.501440097886400569e-03
-4.190487104567758650e-03
-4.814735957229775154e-03
-5.507054945792231801e-03
-6.181363396106644495e-03
-6.814498770475523222e-03
-7.435755373261796961e-03
-8.111271992781231982e-03
-8.759916618603993954e-03
-9.409126605710660743e-03
-1.008911674841515664e-02
-1.074512652907565549e-02
-1.137747221235985151e-02
-1.208722201338208874e-02
-1.269069830445923412e-02
-1.333448436451502295e-02
-1.398468161351082255e-02
-1.458988447693008658e-02
-1.524513069763596546e-02
-1.584874907131737787e-02
-1.648363879504761292e-02
-1.711143736707880850e-02
-1.771962974187913167e-02
-1.833989721082667293e-02
-1.894891169422676172e-02
-1.955209729929219958e-02
-2.012182463043771588e-02
-2.071145699203473869e-02
-2.129232912381828421e-02
-2.184638671007463340e-02
-2.247283516021339814e-02
-2.307581638358745246e-02
-2.363518997675316882e-02
-2.418159057134173714e-02
-2.472641761613949413e-02
-2.528949829781907549e-02
-2.583451637453748270e-02
-2.641571551911134005e-02
-2.692472834856946343e-02
-2.745600209367894673e-02
-2.803038341737444997e-02
-2.856280787673358759e-02
-2.905991231091425639e-02
-2.956170908181822779e-02
-3.005942473787142147e-02
-3.057658106259987171e-02
-3.108398909503820584e-02
-3.153723349129536335e-02
-3.199515105990870245e-02
-3.252192883595264594e-02
-3.295878893808392579e-02
-3.342626650909042568e-02
-3.382332256557380595e-02
-3.433900461671794690e-02
-3.478088123337683135e-02
-3.520623575002037459e-02
-3.563856541012872664e-02
-3.605556611402891548e-02
-3.641449065964524195e-02
-3.685046660402876983e-02
-3.724468223822345603e-02
-3.766429920100267809e-02
-3.802784856300459038e-02
-3.841008405862553210e-02
-3.879874079263694736e-02
-3.918622850377404682e-02
-3.946565200073358370e-02
-3.983321681276491555e-02
-4.019027428453874479e-02
-4.050457656483346519e-02
-4.084863035412603094e-02
-4.112370760451013879e-02
-4.147955307884543252e-02
-4.179791475876555584e-02
-4.209005593091753872e-02
-4.240649752743999579e-02
-4.262275486817670989e-02
-4.288672641582155776e-02
-4.320321711650441238e-02
-4.351046443705804817e-02
-4.376065327085371104e-02
-4.398141258101666978e-02
-4.421100954284129525e-02
-4.443938233827442880e-02
-4.463302985619079649e-02
-4.487546532996197768e-02
-4.503672903416429396e-02
-4.528269943472411352e-02
-4.548798408417305955e-02
-4.569581861980782228e-02
-4.586470599347648031e-02
-4.607944546536082292e-02
-4.624044210290086110e-02
-4.638086170585874884e-02
-4.653442772753003942e-02
-4.667465819139360317e-02
-4.678772652517593916e-02
-4.687238320995872759e-02
-4.705662833828721386e-02
-4.719807171282553587e-02
-4.728283773430862896e-02
-4.735845828362261062e-02
-4.741199844269645275e-02
-4.749124289284967215e-02
-4.758448508964519680e-02
-4.763426834745352473e-02
-4.771765377351912946e-02
-4.777975012362160184e-02
-4.782748001987285891e-02
-4.788023246144941514e-02
-4.786567229854194611e-02
-4.788917680999603410e-02
-4.784619330870867882e-02
-4.787627804733930043e-02
-4.790193222984106408e-02
-4.784902449131762242e-02
-4.787185080245586616e-02
-4.782364877420450244e-02
-4.782417493551397586e-02
-4.770900722427433988e-02
-4.762855612690881923e-02
-4.758241247206530800e-02
-4.757856464594264340e-02
-4.748523268913627110e-02
-4.738988705773412857e-02
-4.732097052867387937e-02
-4.724015206479827145e-02
-4.704824789982505612e-02
-4.694060923384960754e-02
-4.683488100175206559e-02
-4.671652422470941313e-02
-4.648713947570096844e-02
-4.639136071762546554e-02
-4.619614424937986547e-02
-4.607363265384491896e-02
-4.585378613663575881e-02
-4.572815751887204100e-02
-4.555683042848449743e-02
-4.534645811164862705e-02
-4.510621109586072930e-02
-4.491208249346115983e-02
-4.470263426312250793e-02
-4.446169259489796133e-02
-4.421901275215827515e-02
-4.395248985099865086e-02
-4.373871991211991661e-02
-4.353224581106712038e-02
-4.322276536654712231e-02
-4.296770622130746675e-02
-4.270604596826941407e-02
-4.240687276759227270e-02
-4.209358717831380298e-02
-4.179975123134638954e-02
-4.149206887468502580e-02
-4.122573303631475727e-02
-4.092220274665184926e-02
-4.058997540525481618e-02
-4.025767342491877454e-02
-3.991165611024427573e-02
-3.957842216022312148e-02
-3.921824596352806169e-02
-3.887507220827623317e-02
-3.852353006410682429e-02
-3.816481455289293112e-02
-3.777799090891380968e-02
-3.741525424956464868e-02
-3.700351028223916594e-02
-3.665179199605503313e-02
-3.625812347466090407e-02
-3.587127007988087646e-02
-3.544391390902858902e-02
-3.503464319557972328e-02
-3.458777591026452464e-02
-3.425756754481801281e-02
-3.380559224740318364e-02
-3.335056851621968216e-02
-3.291679817084595255e-02
-3.250938927492021818e-02
-3.208558311132665708e-02
-3.167351918422034451e-02
-3.118028368815497012e-02
-3.073186765436399306e-02
-3.029428678163034391e-02
-2.982726403351879801e-02
-2.940633040192925513e-02
-2.891696918943445146e-02
-2.842936533299679144e-02
-2.802748734402030206e-02
-2.750530288846426280e-02
-2.702371380491730424e-02
-2.653802143397979499e-02
-2.604445586620571240e-02
-2.553508726553930727e-02
-2.509623564846387087e-02
-2.463426084869786009e-02
-2.411752701166217788e-02
-2.358797513800832413e-02
-2.313083981982185997e-02
-2.265957814205928414e-02
-2.213940536715254884e-02
-2.166291376825717901e-02
-2.116942881966802151e-02
-2.063539290584536640e-02
-2.013931892694179396e-02
-1.959842672757427032e-02
-1.909762998972051179e-02
-1.865050323238661573e-02
-1.808949289790369105e-02
-1.755776826430315019e-02
-1.708024679031311041e-02
-1.655453618868533289e-02
-1.604781175747134470e-02
-1.549543178614839686e-02
-1.502282615777439205e-02
-1.446311264867316052e-02
-1.395776297822519559e-02
-1.347372628635288075e-02
-1.293241557123158900e-02
-1.242461485682611576e-02
-1.189344251866004606e-02
-1.140824257494086821e-02
-1.076904484828107925e-02
-1.028629754966733402e-02
-9.808121740830930829e-03
-9.245757594566491808e-03
-8.741198505990753140e-03
-8.234794578176342014e-03
-7.678702849137448647e-03
-7.132249065720607135e-03
-6.645380699800666410e-03
-6.162756426946180803e-03
-5.621027518165887596e-03
-5.091281881942378088e-03
-4.537183063336802137e-03
-4.013756432888072011e-03
-3.480134670316283128e-03
-3.005079229285981604e-03
-2.506287144784532291e-03
-1.976605537863876036e-03
-1.471381628385616232e-03
-9.412047417405853579e-04
-4.309560590384864734e-04
1.003011527997299280e-04
5.432538019005668344e-04
1.077958247142730497e-03
1.579628722928189989e-03
2.057801534507579851e-03
2.558705467538918699e-03
2.978531211501284342e-03
3.507891222996705697e-03
4.009146905309746330e-03
4.496405933575900807e-03
4.977507410953291300e-03
5.449134155177732218e-03
5.901755806721259955e-03
6.368657816759148819e-03
6.857933132403752977e-03
7.352643128881430554e-03
7.789607112658465497e-03
8.249044532962117662e-03
8.710011976204905249e-03
9.075424924467346763e-03
9.603266712253475876e-03
1.005155662258684461e-02
1.050181833071856322e-02
1.087870472830978867e-02
1.128601521479192550e-02
1.177129347330025701e-02
1.217030296893734272e-02
1.259943161719017865e-02
1.299483837100754401e-02
1.338174597244477793e-02
1.384284959927637067e-02
1.423877932077970143e-02
1.459746870985712854e-02
1.493984855285668788e-02
1.533759085386540710e-02
1.575273332585068811e-02
1.608120638617369438e-02
1.645609510893764060e-02
1.683751527671639367e-02
1.720370440605611256e-02
1.756791515246742055e-02
1.789386812790997455e-02
1.822171619654945618e-02
1.859152654171572494e-02
1.890044384416344342e-02
1.922069797357428209e-02
1.955144420131627384e-02
1.980961042933722036e-02
2.012057829951939894e-02
2.043846141932724111e-02
2.070011138040051338e-02
2.100756883347831838e-02
2.122242405547315053e-02
2.149390579252831793e-02
2.179974901034948537e-02
2.206064574785371324e-02
2.227850577854813274e-02
2.256170510824481723e-02
2.275139281579492689e-02
2.303549023690393271e-02
2.319366656218567468e-02
2.344446936966251491e-02
2.370262779407216955e-02
2.387019739288397113e-02
2.404554183732691280e-02
2.424881726031188206e-02
2.443794072545296334e-02
2.458294012724529173e-02
2.478015345537060501e-02
2.493329848663494372e-02
2.511996363593538631e-02
2.521915638087575059e-02
2.540723130820643494e-02
2.557784104293283831e-02
2.568251963949583910e-02
2.576925214839565631e-02
2.588255102662588916e-02
2.600943590485018178e-02
2.607796254021598620e-02
2.620676719737485144e-02
2.628611428905561903e-02
2.633095434248004102e-02
2.641809754435236329e-02
2.651975190366706592e-02
2.655327517076900776e-02
2.663428274013722452e-02
2.666554553474537181e-02
2.676628149404297261e-02
2.674488763088946758e-02
2.674290058916975812e-02
2.679653103746391929e-02
2.683183842386651155e-02
2.678345260389736887e-02
2.679240521582861370e-02
2.683667963153498620e-02
2.677180337579036090e-02
2.674281543640544268e-02
2.670428336650097073e-02
2.672756825071670797e-02
2.666546127162283675e-02
2.660431058563044945e-02
2.651640339866470630e-02
2.643670349418484472e-02
2.640278498611894897e-02
2.630008560858072483e-02
2.620565114220485894e-02
2.611598883787666012e-02
2.602225247662269883e-02
2.596584706540150389e-02
2.582307845287152431e-02
2.564377490042079807e-02
2.553021864439742120e-02
2.543432392902912967e-02
2.529349510250216218e-02
2.512181321106157078e-02
2.499007178635828663e-02
2.477809485804183601e-02
2.464346367646124553e-02
2.447013198230438627e-02
2.428817027781716639e-02
2.406216578527664574e-02
2.385061022391324684e-02
2.364153840254441460e-02
2.344422213427231616e-02
2.326494998867622080e-02
2.300813456690979988e-02
2.279779462120650954e-02
2.252366255550607849e-02
2.224320536132660606e-02
2.200190711435593902e-02
2.177735742808315986e-02
2.149337184350549185e-02
2.122193026668577412e-02
2.094268608033463333e-02
2.065586906111198384e-02
2.038446141408840895e-02
2.004358798863719454e-02
1.974532913406255516e-02
1.943893787811179844e-02
1.912181962360228610e-02
1.877042694700610873e-02
1.844804526067763892e-02
1.809632780333236823e-02
1.776541605604018900e-02
1.746830844753302289e-02
1.709874865834518087e-02
1.675905708316525328e-02
1.639585325645103245e-02
1.601139175012087149e-02
1.562380495267823820e-02
1.524009971044034718e-02
1.483572978065012676e-02
1.448687527510157842e-02
1.406911526855878641e-02
1.363174064893419614e-02
1.326118863245212207e-02
1.288241121438560288e-02
1.244010448322372883e-02
1.203423233407364262e-02
1.162514799264965405e-02
1.116137488439801310e-02
1.072837658837342591e-02
1.034642040105925032e-02
9.895966405305033423e-03
9.486787149989692539e-03
9.036465438777042947e-03
8.572929419730526343e-03
8.072060368772065661e-03
7.623786641586945481e-03
7.222838621637535372e-03
6.793380029375439486e-03
6.315938550247523001e-03
5.856514821240084781e-03
5.440691223221703378e-03
4.946800530183824256e-03
4.424544963764251437e-03
3.958609050456586911e-03
3.508285792206254465e-03
2.987854802981287222e-03
2.533999921895255768e-03
2.073200838782584925e-03
1.612472521869165280e-03
1.101446652170535523e-03
6.317092237089115764e-04
6.629676175542757938e-05
-3.878205447300989562e-04
-8.569421132368146418e-04
-1.348448143441761428e-03
-1.843210578657565732e-03
-2.355116987437582202e-03
-2.826758252067010022e-03
-3.343747930589442089e-03
-3.834200374424215872e-03
-4.293605167365959450e-03
-4.862717571477818100e-03
-5.333671934430438306e-03
-5.775893860604883190e-03
-6.318348659425963160e-03
-6.824951781691751367e-03
-7.357621738827256272e-03
-7.870580402721535224e-03
-8.330024837254751749e-03
-8.847289188969405596e-03
-9.350604044783853916e-03
-9.846079508744038852e-03
-1.039882800422109801e-02
-1.089875133961721101e-02
-1.141441153128051542e-02
-1.190613080712701888e-02
-1.238778320798232871e-02
-1.290529940415692522e-02
-1.343406536138823729e-02
-1.390619282343171122e-02
-1.444161964198057736e-02
-1.496594876457274341e-02
-1.544206015826672836e-02
-1.595126185466006624e-02
-1.645799935832469377e-02
-1.693249714537523737e-02
-1.743904125603435579e-02
-1.792540725620476658e-02
-1.845870692575932517e-02
-1.896985736042316670e-02
-1.938950229879042239e-02
-1.994564192537718467e-02
-2.044677905455939346e-02
-2.089988261945325415e-02
-2.140904323679973520e-02
-2.190061047030034472e-02
-2.240517950150102203e-02
-2.288798917844253253e-02
-2.339798232028029654e-02
-2.385911637937760538e-02
-2.433945166937116766e-02
-2.484673965006336041e-02
-2.529452236065503692e-02
-2.577193982855689042e-02
-2.623965474832501074e-02
-2.671019009807863373e-02
-2.717328405703800867e-02
-2.767765429397327573e-02
-2.810034895384868128e-02
-2.856399091814187594e-02
-2.901448432139609040e-02
-2.945683370526610417e-02
-2.990482050303555281e-02
-3.038391241472292517e-02
-3.080420536883313881e-02
-3.123595346752601823e-02
-3.167215997145756551e-02
-3.209616427946105494e-02
-3.251094841135180463e-02
-3.289502818817013896e-02
-3.331540158531302170e-02
-3.377267789455026120e-02
-3.418981841403936212e-02
-3.459067181601092889e-02
-3.497880856939862559e-02
-3.536576407032399061e-02
-3.576378705976098610e-02
-3.616114710378044023e-02
-3.647795309529192065e-02
-3.686201930865904558e-02
-3.728290939271486359e-02
-3.764664275082981598e-02
-3.792889498247266344e-02
-3.828081800654694472e-02
-3.859708661783909506e-02
-3.896607054389445574e-02
-3.931866434799663468e-02
-3.966879082010558305e-02
-3.987055495995660975e-02
-4.021037817314904173e-02
-4.054776036594261168e-02
-4.079316990339219851e-02
-4.110945556869356754e-02
-4.139630321460234519e-02
-4.166773635019565408e-02
-4.197676647156603491e-02
-4.215625894808557039e-02
-4.246110773114954162e-02
-4.272480646547413552e-02
-4.296514022824383938e-02
-4.316178862760000623e-02
-4.344883026246518926e-02
-4.365385497750988442e-02
-4.385286336387977935e-02
-4.407019857544865887e-02
-4.424999941822530675e-02
-4.446385244564805828e-02
-4.463796407497720720e-02
-4.482685626979594079e-02
-4.498706178523517729e-02
-4.514346086091405863e-02
-4.531988903017757087e-02
-4.548464070776622736e-02
-4.562240023176201975e-02
-4.578963498960113981e-02
-4.597606026359830900e-02
-4.610127662144734156e-02
-4.618758718271456093e-02
-4.625787902677343244e-02
-4.634685348194830801e-02
-4.648262984369882361e-02
-4.661750589028101216e-02
-4.663112114696985749e-02
-4.676757181652328732e-02
-4.688365148050513409e-02
-4.689003845561533212e-02
-4.692953061405112647e-02
-4.701598646029266082e-02
-4.709146943824629727e-02
-4.711873269189874314e-02
-4.715981408166780575e-02
-4.714517455085908554e-02
-4.718358883615783594e-02
-4.724046399203894742e-02
-4.724325168731793867e-02
-4.730264062875069730e-02
-4.723572290874642615e-02
-4.722989369186049446e-02
-4.724375151339217649e-02
-4.717478311273642227e-02
-4.720978214327321842e-02
-4.712620105827975553e-02
-4.710740511549727644e-02
-4.707312942485652324e-02
-4.701611527900910470e-02
-4.696514630380758948e-02
-4.689049866799628596e-02
-4.681457811656827145e-02
-4.674092865007545977e-02
-4.669522799717613221e-02
-4.656817523586723878e-02
-4.647255899948549152e-02
-4.639253629160989406e-02
-4.622761566718078946e-02
-4.611978240476687779e-02
-4.603214125848099914e-02
-4.591426324052796937e-02
-4.571655321643231656e-02
-4.561453397179995178e-02
-4.549010579191679893e-02
-4.529833128416163590e-02
-4.514350393574635689e-02
-4.495152290946775181e-02
-4.479065317902633514e-02
-4.462910522034349570e-02
-4.444428715868510571e-02
-4.427105113878568310e-02
-4.403713238198424945e-02
-4.379232725519983938e-02
-4.359520481865648139e-02
-4.337565727426276330e-02
-4.313519865293772432e-02
-4.292547299354760454e-02
-4.267872999080182805e-02
-4.243496898427709385e-02
-4.212409343851165194e-02
-4.185828806651110956e-02
-4.158840311065763878e-02
-4.134258153654594981e-02
-4.110214391355659913e-02
-4.080591809091561883e-02
-4.049137011835622635e-02
-4.015369654183984643e-02
-3.989056832881803655e-02
-3.959269968693372027e-02
-3.928020745732372504e-02
-3.891535673071501444e-02
-3.860630411527115474e-02
-3.829022310581825517e-02
-3.792592022921693201e-02
-3.758548494186049471e-02
-3.721247774722551138e-02
-3.683751167664749832e-02
-3.646457647251408196e-02
-3.603405934299654806e-02
-3.570061220958309356e-02
-3.538563785729143679e-02
-3.499090567797043250e-02
-3.454622305657820136e-02
-3.414193003426552186e-02
-3.376105881477342585e-02
-3.337003276532635176e-02
-3.299359515791649294e-02
-3.255330492528034358e-02
-3.211313333712245699e-02
-3.168456200179537580e-02
-3.125482274260464599e-02
-3.077140180157520236e-02
-3.039346221141143306e-02
-2.989328117558036346e-02
-2.944892417926156872e-02
-2.901407262560299835e-02
-2.855973064953117729e-02
-2.808168066687669398e-02
-2.763144329379159728e-02
-2.714051892412387007e-02
-2.665522718933374322e-02
-2.623341804009597655e-02
-2.572600733550509458e-02
-2.523347599665501026e-02
-2.471917831843926591e-02
-2.425920209815326731e-02
-2.379039377706871836e-02
-2.323196122853410026e-02
-2.271509838806456266e-02
-2.226575237695249329e-02
-2.174039473752641116e-02
-2.123538486461058403e-02
-2.073147373680304592e-02
-2.024445039119755069e-02
-1.971328569088184532e-02
-1.925251755007997834e-02
-1.874218066852687686e-02
-1.821531101851731754e-02
-1.769063151033740955e-02
-1.715403697918450182e-02
-1.664307805173574628e-02
-1.616296125117502175e-02
-1.563480028322894108e-02
-1.509131998004388867e-02
-1.458485148880625526e-02
-1.409513229702135176e-02
-1.355522005686993214e-02
-1.307889878508374133e-02
-1.249434038053438313e-02
-1.200861994877669252e-02
-1.148425489698969709e-02
-1.099579540946477897e-02
-1.047003050024390008e-02
-9.947397820224773701e-03
-9.410438937490378866e-03
-8.895350002378397611e-03
-8.400210848711345962e-03
-7.846538408119262467e-03
-7.367417161697208811e-03
-6.868228746750921175e-03
-6.348326744941071992e-03
-5.813397144779922955e-03
-5.305909221130751877e-03
-4.792201012220999659e-03
-4.306208623739157283e-03
-3.794548885776854660e-03
-3.292915153709946238e-03
-2.778733395309194044e-03
-2.252563514194876743e-03
-1.753871621445569212e-03
-1.246989380973461542e-03
-7.331193026575580449e-04
-2.301226199525813806e-04
2.622018046822121857e-04
7.276429393717121679e-04
1.209672441604541957e-03
1.734318132870530001e-03
2.235933220972604208e-03
2.741936964908845906e-03
3.222431875672462486e-03
3.717673789085537694e-03
4.179552362083581440e-03
4.709639175711684625e-03
5.183843278724652344e-03
5.650362824616807049e-03
6.147533965898461204e-03
6.673318066770162447e-03
7.130963024503132741e-03
7.570012178450889577e-03
8.072557367310242288e-03
8.557257984465119205e-03
9.051716923350664606e-03
9.513652926603038268e-03
9.949053445734006365e-03
1.041192627988131621e-02
1.088207356941030962e-02
1.136109149318918592e-02
1.179698336905945534e-02
1.227879722582950368e-02
1.273713791776665862e-02
1.319625163306820809e-02
