-1.359947145544302056e-04
-1.652065769511371106e-04
-1.787862690596844772e-04
-1.797740751311831524e-04
-2.144028324778725911e-04
-2.191668867781266735e-04
-2.639085285298866670e-04
-2.413471993840388390e-04
-2.705515189726161347e-04
-3.279220964365123355e-04
-3.486084623782977933e-04
-3.324119364260203434e-04
-3.613930034928589433e-04
-3.653759079637234437e-04
-4.120671577768756136e-04
-4.269998983564686512e-04
-4.787595107974848096e-04
-4.844113849626914114e-04
-4.793507742810275006e-04
-4.850320342591101842e-04
-5.033923898605466990e-04
-5.197064453897710587e-04
-5.299177172937149594e-04
-5.757131891261404706e-04
-6.461148213796996491e-04
-6.480354674602144564e-04
-6.583001950898402337e-04
-6.968806475521158606e-04
-7.492850008853057511e-04
-7.684400240616197841e-04
-7.717183773805801408e-04
-8.354730599163704644e-04
-8.659133177260558076e-04
-9.054404766642435353e-04
-9.007148797681440193e-04
-9.349420703451716578e-04
-9.523123653789497241e-04
-9.946743846602987011e-04
-1.043944282440570056e-03
-1.064006490195667847e-03
-1.082371228322389582e-03
-1.104030987106262383e-03
-1.172533486257066422e-03
-1.244430910352276780e-03
-1.238184029717291157e-03
-1.247805976956384115e-03
-1.271305398991953543e-03
-1.264176554583891499e-03
-1.394441811197238892e-03
-1.417725500317315677e-03
-1.453381439628946645e-03
-1.473942076077307652e-03
-1.560140484072813742e-03
-1.586403948833008158e-03
-1.606495201073022483e-03
-1.625173377056419663e-03
-1.647215397715190910e-03
-1.719336072960143914e-03
-1.765265300511326130e-03
-1.781645003320274064e-03
-1.788164924497660574e-03
-1.837245874934094730e-03
-1.879206445905193864e-03
-1.906470159930438420e-03
-2.028108658020420958e-03
-2.012444532606906013e-03
-2.033588692716716689e-03
-2.045297760190819322e-03
-2.160393124032428894e-03
-2.157862507098842492e-03
-2.234981677816633584e-03
-2.264549596110732206e-03
-2.308824062645809232e-03
-2.396470636268814482e-03
-2.413691895548315553e-03
-2.420545963758017477e-03
-2.467199945269348688e-03
-2.534089409338585817e-03
-2.593594355853887871e-03
-2.615632514995437467e-03
-2.639530289805732538e-03
-2.729982156929503401e-03
-2.806889737868668421e-03
-2.855345874729427798e-03
-2.890220665392011657e-03
-2.921473077120348254e-03
-2.972131065920606899e-03
-3.059452546777198002e-03
-3.112467596969553055e-03
-3.138410221354993260e-03
-3.206956994648407430e-03
-3.271987374817123158e-03
-3.345448594489275080e-03
-3.381314282333331474e-03
-3.434848994229933519e-03
-3.512762409727600375e-03
-3.571854387469401790e-03
-3.571828641229069824e-03
-3.626423585988048162e-03
-3.704543313699063933e-03
-3.774115644737995393e-03
-3.830997374318374088e-03
-3.818284037599151571e-03
-3.940857620636877695e-03
-3.979743666249264955e-03
-4.061391580886909887e-03
-4.102702764183519153e-03
-4.140073229291988365e-03
-4.209806235810007770e-03
-4.269168932351507899e-03
-4.323725990586405922e-03
-4.405706178098742036e-03
-4.434328056156568512e-03
-4.509024621972342051e-03
-4.582344482989518519e-03
-4.601513095369060523e-03
-4.655576674135731424e-03
-4.790627922919159926e-03
-4.784666630100914073e-03
-4.825809702978195101e-03
-4.907564207451640612e-03
-4.976981615896661909e-03
-5.003227730368283062e-03
-5.065181853378190359e-03
-5.046499483553853506e-03
-5.179264121021223688e-03
-5.259696515988832727e-03
-5.273240484081881570e-03
-5.338613530969133110e-03
-5.403325935810618721e-03
-5.476524995304637294e-03
-5.511958977036330275e-03
-5.531570022688379364e-03
-5.605957812473952653e-03
-5.672708640146225355e-03
-5.696946550245438230e-03
-5.819050874533226309e-03
-5.865330374443167641e-03
-5.939018126113325413e-03
-5.945937988757044219e-03
-6.010848928219211622e-03
-6.089725703794434016e-03
-6.241436780087477633e-03
-6.232462296484385898e-03
-6.277623139458029730e-03
-6.352901933426456996e-03
-6.409190699591759029e-03
-6.418136707750538364e-03
-6.511899517012360687e-03
-6.600653180868287957e-03
-6.660797387277660013e-03
-6.707641121539312766e-03
-6.801209402266491719e-03
-6.907328804693133213e-03
-6.932976705097689853e-03
-7.006063657544197784e-03
-7.079930284556504999e-03
-7.127953169026757241e-03
-7.246334603164647677e-03
-7.283245641229988201e-03
-7.348834891435998204e-03
-7.446903756972754820e-03
-7.510099979755071459e-03
-7.596445672105378577e-03
-7.651549300875928883e-03
-7.687195886511637502e-03
-7.808484103627692449e-03
-7.855869093870801456e-03
-7.920751616879551094e-03
-8.014438376327219851e-03
-8.097704173072133721e-03
-8.178086589554427188e-03
-8.266422353700248610e-03
-8.366007866576936902e-03
-8.400699147403628553e-03
-8.456522069986942627e-03
-8.506961147524238001e-03
-8.616719438491297206e-03
-8.716883062493265694e-03
-8.811976460537048611e-03
-8.832699235233890805e-03
-8.965064451086092109e-03
-8.992792249117295689e-03
-9.112904295747301445e-03
-9.117643316690578204e-03
-9.267807825667970928e-03
-9.343850904070775606e-03
-9.451198211487685935e-03
-9.493559225009684868e-03
-9.572279858222123086e-03
-9.699617738798566383e-03
-9.783592569137031583e-03
-9.822729647374805334e-03
-9.911291355594098462e-03
-1.004405696643293107e-02
-1.011213736795105005e-02
-1.015164781091071854e-02
-1.019086747926171294e-02
-1.030916530860173305e-02
-1.041100461593847358e-02
-1.050109780434868405e-02
-1.055598270609572724e-02
-1.063812695707761456e-02
-1.072788765511793405e-02
-1.082631044275279147e-02
-1.090299682898146667e-02
-1.098809837036544140e-02
-1.103303377891257445e-02
-1.112002204351029283e-02
-1.122670314741896699e-02
-1.127185969216778529e-02
-1.136765475827801117e-02
-1.143150783424475708e-02
-1.153269359894132026e-02
-1.162416080563477214e-02
-1.166405778918955770e-02
-1.176736529852152359e-02
-1.184354615043784788e-02
-1.192895107652914080e-02
-1.200947307612596805e-02
-1.208216366507081606e-02
-1.220715441474107092e-02
-1.227847186135786091e-02
-1.238289830743627418e-02
-1.246780076861121918e-02
-1.250965136641845991e-02
-1.257519247084147064e-02
-1.267673801473588428e-02
-1.269995453034940443e-02
-1.274286956545447012e-02
-1.290621974821393701e-02
-1.299937847635855223e-02
-1.310318455949535318e-02
-1.315733615939293326e-02
-1.323258362870725555e-02
-1.332507603909335522e-02
-1.338435831649375206e-02
-1.349059853771094990e-02
-1.354749734673554168e-02
-1.364813819948880284e-02
-1.377963112014669866e-02
-1.382086405311216785e-02
-1.393729713110108959e-02
-1.403285822595515091e-02
-1.409273084401346104e-02
-1.419551685379698627e-02
-1.428438806465938925e-02
-1.441605773050564851e-02
-1.447796332340230141e-02
-1.455295797964323463e-02
-1.465422988910237805e-02
-1.476454599147830442e-02
-1.485118586618862715e-02
-1.496652108132474554e-02
-1.506460755919835498e-02
-1.518229377023024712e-02
-1.521498658382092542e-02
-1.534598492717919281e-02
-1.545644856192046092e-02
-1.553348200194025648e-02
-1.560870950910696504e-02
-1.570752936566717842e-02
-1.585471812917220794e-02
-1.594440043292889853e-02
-1.605657913703427767e-02
-1.612166585333515284e-02
-1.628711944669219980e-02
-1.631645327935562703e-02
-1.643735293691811136e-02
-1.655121336172721627e-02
-1.662401308509520517e-02
-1.677266219847992068e-02
-1.688455016188017757e-02
-1.700060787692045383e-02
-1.710338975723703359e-02
-1.718165403930197593e-02
-1.727560283413788825e-02
-1.735647661370270239e-02
-1.750670060128108052e-02
-1.764470372268729312e-02
-1.773269909803338457e-02
-1.785603249025946235e-02
-1.796215715594065565e-02
-1.804989813088775374e-02
-1.821425826820858435e-02
-1.829565784620760388e-02
-1.842887655427685387e-02
-1.850617930297960428e-02
-1.859733119051617395e-02
-1.875324556665399628e-02
-1.882270092625165300e-02
-1.891694894618195857e-02
-1.904399598199841073e-02
-1.918609543568485301e-02
-1.926800149206033333e-02
-1.937269791875331423e-02
-1.949031715691191408e-02
-1.962153420915093913e-02
-1.970286509719350668e-02
-1.984229559253128383e-02
-1.994689034419477522e-02
-2.006089279432281269e-02
-2.015161875204572045e-02
-2.027988927046435463e-02
-2.035691989619277387e-02
-2.053127570211105493e-02
-2.066066442316130680e-02
-2.072429502472645027e-02
-2.081723814112586279e-02
-2.092776359721738172e-02
-2.105321344560523444e-02
-2.114911551317200100e-02
-2.122661041244614660e-02
-2.140078715612849999e-02
-2.153348720403267663e-02
-2.159046981343528543e-02
-2.167906491413374229e-02
-2.175265693107711687e-02
-2.188432430152099928e-02
-2.195548659960404672e-02
-2.211141176970553984e-02
-2.221304169617156418e-02
-2.230698834487689422e-02
-2.243804589809998695e-02
-2.255524237112504701e-02
-2.266863912297565481e-02
-2.272979616897484803e-02
-2.291159092531704425e-02
-2.301462536460656405e-02
-2.312609298856079312e-02
-2.321262680546488238e-02
-2.327257590246559205e-02
-2.338098047428902385e-02
-2.350650160637902247e-02
-2.363306358601017371e-02
-2.374302053246383354e-02
-2.384771205540347702e-02
-2.394771645020637996e-02
-2.402930966439155783e-02
-2.419951801864917915e-02
-2.431496307461874021e-02
-2.440315618432348926e-02
-2.449816192520430300e-02
-2.465266802781075281e-02
-2.479631540869092418e-02
-2.488215904677737109e-02
-2.493882131002130020e-02
-2.507071466052247094e-02
-2.518644531706685022e-02
-2.533082593491474410e-02
-2.541802166738577409e-02
-2.556175981300136402e-02
-2.568200106548491901e-02
-2.579826160617501238e-02
-2.590088065453940297e-02
-2.601586233736240261e-02
-2.612506989033981306e-02
-2.629537529286120681e-02
-2.635643585672766548e-02
-2.651624653841426135e-02
-2.663505969725735861e-02
-2.674263115628255916e-02
-2.683793407531995939e-02
-2.702084882145251721e-02
-2.710964396530559858e-02
-2.725836588707979818e-02
-2.737236155296447412e-02
-2.750751961672302098e-02
-2.767153176674714415e-02
-2.777386818124748941e-02
-2.791159467977939040e-02
-2.803280558191706406e-02
-2.811985277399505628e-02
-2.829343022737966160e-02
-2.841811335670947625e-02
-2.851452984888467809e-02
-2.865524319159410901e-02
-2.880157228631688784e-02
-2.887966355298507773e-02
-2.902251190466275874e-02
-2.912888085284883605e-02
-2.927729505771897028e-02
-2.940179464665449924e-02
-2.951724751030890617e-02
-2.965658460903306329e-02
-2.983243329270516067e-02
-2.992677987071076795e-02
-3.002502999278879384e-02
-3.013663524438048649e-02
-3.024961003892859268e-02
-3.046028446545747184e-02
-3.055738977971541800e-02
-3.071068848705339055e-02
-3.081762851355952099e-02
-3.094804211631549049e-02
-3.101383477147559922e-02
-3.115030016837616600e-02
-3.130691455358960290e-02
-3.141796180409530542e-02
-3.151954228959098769e-02
-3.164506907639184907e-02
-3.173303941139990481e-02
-3.186484187114749234e-02
-3.205551165929122759e-02
-3.212538619484441027e-02
-3.226861227888921241e-02
-3.238678084535581009e-02
-3.254860035787509459e-02
-3.260786768161863525e-02
-3.273703931761975938e-02
-3.289803679558118976e-02
-3.300498636738411623e-02
-3.315370207634803223e-02
-3.328713851631949494e-02
-3.336291359073375457e-02
-3.345937316713677723e-02
-3.356057635832065261e-02
-3.370857668478580843e-02
-3.384818119075048981e-02
-3.402157620297033974e-02
-3.411875012312324401e-02
-3.422986265506409304e-02
-3.438872876245354510e-02
-3.446627246851392823e-02
-3.458790870831925102e-02
-3.467082328326964030e-02
-3.482034745121244390e-02
-3.494061521235627271e-02
-3.507421995339094628e-02
-3.522503962795450055e-02
-3.530176196789107379e-02
-3.535539567674159805e-02
-3.553433293885070732e-02
-3.563977400099398174e-02
-3.577656536727646941e-02
-3.592219904860696061e-02
-3.601159707709046531e-02
-3.611785521255055781e-02
-3.627737922439181611e-02
-3.640263112737698176e-02
-3.652704509680323314e-02
-3.663241644846581407e-02
-3.672779683565636361e-02
-3.683472198566910272e-02
-3.694639708925602506e-02
-3.711224267098425095e-02
-3.720429082598966652e-02
-3.735934740399430437e-02
-3.748521024503098653e-02
-3.756464979675751964e-02
-3.766128309789588263e-02
-3.782001838149511019e-02
-3.794031863749188632e-02
-3.798527293644388125e-02
-3.815223914452143400e-02
-3.827111526912881784e-02
-3.837221222732861703e-02
-3.853784982634381878e-02
-3.864552480534792778e-02
-3.872218055113019197e-02
-3.888515746825844943e-02
-3.903060881205305116e-02
-3.908600591858602674e-02
-3.923408045390244792e-02
-3.934238534050256419e-02
-3.946200127237566024e-02
-3.961879739830565655e-02
-3.974873881357916111e-02
-3.983036040855872373e-02
-3.997266274176110301e-02
-4.007945128097828436e-02
-4.019489405588730357e-02
-4.030581979612337523e-02
-4.041146318932643811e-02
-4.054617127524037107e-02
-4.070310497766257279e-02
-4.082009633244489122e-02
-4.091370282346462606e-02
-4.107573706063898100e-02
-4.114991165115015198e-02
-4.124960741326588742e-02
-4.138181654480726362e-02
-4.146976721593324117e-02
-4.164352233639903589e-02
-4.180150352669062541e-02
-4.189729040414832267e-02
-4.198494770518136632e-02
-4.210718661643002986e-02
-4.223769922077941913e-02
-4.236086779716224243e-02
-4.245456073853371565e-02
-4.261926570241991036e-02
-4.270048021857020260e-02
-4.277816483845060108e-02
-4.287201948330713469e-02
-4.303075509596385878e-02
-4.317509214818997937e-02
-4.326997471643354021e-02
-4.335026248797093501e-02
-4.352091166616789408e-02
-4.357700982057920169e-02
-4.367909565234538716e-02
-4.383950760850917339e-02
-4.392305356887171719e-02
-4.401410230351097269e-02
-4.407611666003670436e-02
-4.420882972975229835e-02
-4.429778272448561122e-02
-4.445041535678454642e-02
-4.454334449827245662e-02
-4.466880565511058970e-02
-4.474213904667745378e-02
-4.489405972318505356e-02
-4.497199614736159534e-02
-4.507354597476473379e-02
-4.515534182397337032e-02
-4.528816639772068747e-02
-4.540025000231514424e-02
-4.549110557394344528e-02
-4.557644705526995438e-02
-4.567785585632348072e-02
-4.580042876804557572e-02
-4.590727059556586054e-02
-4.597210494912560425e-02
-4.607929146649641927e-02
-4.616734383660207885e-02
-4.631118276729923044e-02
-4.637242407273890060e-02
-4.642330859407377275e-02
-4.658384477932859397e-02
-4.670631564193433033e-02
-4.676982121194285524e-02
-4.690563138801053661e-02
-4.697397960181926707e-02
-4.708206869259677629e-02
-4.715657653983822140e-02
-4.725034554766096434e-02
-4.736758275987319050e-02
-4.744888102547234476e-02
-4.753191238277325315e-02
-4.759078499573701770e-02
-4.773669258349921146e-02
-4.785446690786337304e-02
-4.798733467783217882e-02
-4.803364404481943323e-02
-4.810220398070180065e-02
-4.812258024544122798e-02
-4.825217318285895257e-02
-4.837304562936045604e-02
-4.849980520381024646e-02
-4.859379281816310348e-02
-4.869920922563753668e-02
-4.871936654477559275e-02
-4.879427957071872518e-02
-4.889862780641890394e-02
-4.896370631780996158e-02
-4.907823725739596937e-02
-4.914408474138404898e-02
-4.917578977613587532e-02
-4.927817086248634931e-02
-4.940173919143314024e-02
-4.947732937206696102e-02
-4.957974024776722749e-02
-4.962477029868389566e-02
-4.963894193630028623e-02
-4.970341558893671963e-02
-4.984238908582405703e-02
-4.995079841788516162e-02
-5.001395859615532374e-02
-5.003433635796258883e-02
-5.014627157932926432e-02
-5.018389128687765488e-02
-5.019884360089289788e-02
-5.029830626506703872e-02
-5.034276585625185180e-02
-5.043103619690433165e-02
-5.052191018993779786e-02
-5.055704177410772632e-02
-5.062366748693599566e-02
-5.066800110140149555e-02
-5.074319329516895766e-02
-5.077138180684242358e-02
-5.083539314866670350e-02
-5.093411547570995956e-02
-5.094587484368686553e-02
-5.098780568778217559e-02
-5.106720242921600206e-02
-5.110467738583795994e-02
-5.117200566409577794e-02
-5.127295311123866717e-02
-5.128825864882197161e-02
-5.137980764410610829e-02
-5.137340044150354168e-02
-5.142583273808475075e-02
-5.147371722677735600e-02
-5.153402716463147820e-02
-5.160367383510588296e-02
-5.166035673539390305e-02
-5.171479416828846098e-02
-5.169685243458928270e-02
-5.174532912271820329e-02
-5.184369100968409111e-02
-5.187130192787089283e-02
-5.187208033650140410e-02
-5.193343917047114899e-02
-5.195174374302279074e-02
-5.206835210128612362e-02
-5.208085812320080443e-02
-5.203140196701695752e-02
-5.209433249536288973e-02
-5.207858638466072998e-02
-5.218270510928038619e-02
-5.224821086988391122e-02
-5.223803904007430499e-02
-5.228421491511410502e-02
-5.234657666898379080e-02
-5.233749462244333822e-02
-5.236068912309244094e-02
-5.236800517699666258e-02
-5.237738077250309737e-02
-5.241752961509580505e-02
-5.242985844893631453e-02
-5.242179122914959050e-02
-5.245759878464004849e-02
-5.239801777038359532e-02
-5.246022606270434041e-02
-5.250331820507023878e-02
-5.251439923024583262e-02
-5.253987179152217607e-02
-5.255696091752568716e-02
-5.255588714384995530e-02
-5.253946667989974756e-02
-5.254756705037932907e-02
-5.260361851855040183e-02
-5.253408108766970813e-02
-5.255193284567995227e-02
-5.254488162433788856e-02
-5.255380759187838757e-02
-5.252373504724486275e-02
-5.257850036275418110e-02
-5.253812409387735582e-02
-5.252244044257085853e-02
-5.251358649167723464e-02
-5.255144851529409966e-02
-5.258262197589632508e-02
-5.252149011391746974e-02
-5.250318222895074272e-02
-5.249734624770367036e-02
-5.248794044475415393e-02
-5.247929728637504287e-02
-5.244026111345868185e-02
-5.244940500723466875e-02
-5.245441000726633329e-02
-5.247033183781451421e-02
-5.243755900438523687e-02
-5.240355210981406664e-02
-5.238665811562758651e-02
-5.233595682911959535e-02
-5.233020398597778428e-02
-5.225779697849517597e-02
-5.220847252470329353e-02
-5.220757999749753991e-02
-5.225063301446956215e-02
-5.218858072267832521e-02
-5.209138403425300767e-02
-5.207820731971146699e-02
-5.204889118686581440e-02
-5.201991600073330863e-02
-5.194692592814463550e-02
-5.193249643402692711e-02
-5.189166893245235335e-02
-5.180487249686018675e-02
-5.182868396899971419e-02
-5.172650189281105537e-02
-5.168687202741861775e-02
-5.160075244365297520e-02
-5.155700414107243501e-02
-5.154263245745633465e-02
-5.151146705726057651e-02
-5.146600085203700825e-02
-5.139604272505592791e-02
-5.131738507407108268e-02
-5.119279984987146898e-02
-5.114841159300425460e-02
-5.107367779698954169e-02
-5.101985645142022296e-02
-5.094554216503374006e-02
-5.090269735001669293e-02
-5.079209081341715115e-02
-5.072687599444100637e-02
-5.062054771158502886e-02
-5.057603855648346025e-02
-5.052399370506093640e-02
-5.041637448268729976e-02
-5.032162265206870100e-02
-5.018866238223363557e-02
-5.014826639520578860e-02
-5.006816444499335994e-02
-4.998141647682852184e-02
-4.989655496251560463e-02
-4.981939855095373487e-02
-4.967433137125764481e-02
-4.960229193846407009e-02
-4.952590843886350153e-02
-4.940676872106489897e-02
-4.935173046986707224e-02
-4.919721756526260897e-02
-4.910184700546622871e-02
-4.901387367051635024e-02
-4.889155345007517584e-02
-4.880467902302682709e-02
-4.874240858027605733e-02
-4.859899279363290303e-02
-4.847602500152919935e-02
-4.834488432966862342e-02
-4.825808499130015278e-02
-4.810917470106224753e-02
-4.802795712031757147e-02
-4.793921586387071831e-02
-4.781584037100438528e-02
-4.768096755580507329e-02
-4.753257481960775077e-02
-4.740018609845515069e-02
-4.730117497705638163e-02
-4.723928611432227226e-02
-4.704533335108211645e-02
-4.691221877643574761e-02
-4.681948235642727218e-02
-4.670091975915104804e-02
-4.656768093743712117e-02
-4.638259074955983219e-02
-4.629747946569463812e-02
-4.614791923219726394e-02
-4.601614397798827610e-02
-4.586667776856528933e-02
-4.574956638718483126e-02
-4.562173692302714384e-02
-4.553185641664370814e-02
-4.536747405142146916e-02
-4.516997999501517341e-02
-4.506562729013438573e-02
-4.487760793703349932e-02
-4.476490900969255782e-02
-4.457006542031387991e-02
-4.444727691824323923e-02
-4.428962711488605014e-02
-4.411003920023613689e-02
-4.396699069841133317e-02
-4.384713591308887076e-02
-4.365612888785296714e-02
-4.349156072378652926e-02
-4.333707898735886938e-02
-4.312825681254837951e-02
-4.293905617255369678e-02
-4.279282133349688461e-02
-4.267726441635774637e-02
-4.247513320298415551e-02
-4.228441886582541553e-02
-4.211125894521996343e-02
-4.193237593112881384e-02
-4.171943357681438813e-02
-4.155270992673578551e-02
-4.140247438521083012e-02
-4.119501765351470113e-02
-4.096127921928846560e-02
-4.080613724601235559e-02
-4.058408049933123762e-02
-4.045454933389296820e-02
-4.020406815160851299e-02
-4.004785414652117098e-02
-3.984355811501812117e-02
-3.959582197895120115e-02
-3.935350091799749706e-02
-3.919575663728666615e-02
-3.894897749730355518e-02
-3.875378178444870841e-02
-3.852384548489141275e-02
-3.835423902491313236e-02
-3.813636250783727921e-02
-3.792717730058611098e-02
-3.765462245452137063e-02
-3.745296458008991886e-02
-3.719367383111620018e-02
-3.699617601142623363e-02
-3.678646780360282642e-02
-3.656239498518087938e-02
-3.634366418285008699e-02
-3.606759388256376014e-02
-3.585037026927791887e-02
-3.561466512578821686e-02
-3.534243081626367577e-02
-3.512045711062070086e-02
-3.488277339079500633e-02
-3.464780320983854023e-02
-3.437713571741123769e-02
-3.414546952859069673e-02
-3.392209389380566875e-02
-3.368615219635175823e-02
-3.339750990953372495e-02
-3.314157500326341682e-02
-3.290319337877498085e-02
-3.265904788838206591e-02
-3.235699096245633205e-02
-3.213278852277426378e-02
-3.186524400253100409e-02
-3.162141112200617110e-02
-3.134297888005113664e-02
-3.106657717672778665e-02
-3.080776507103500511e-02
-3.055792825753307976e-02
-3.026602514025436216e-02
-2.998491895086791842e-02
-2.976497819753762958e-02
-2.942075710222951529e-02
-2.915122898423310599e-02
-2.889822591350155179e-02
-2.860050219251496217e-02
-2.833244337318256006e-02
-2.804027675439828976e-02
-2.777568736105321540e-02
-2.746747328206726110e-02
-2.717641733966259104e-02
-2.691576842385939861e-02
-2.659723835063174807e-02
-2.627342762683962038e-02
-2.597183821092200959e-02
-2.571512715533817717e-02
-2.536976275209570225e-02
-2.508358153029111373e-02
-2.473182948035820838e-02
-2.449947921512969293e-02
-2.413751401948084976e-02
-2.384551298188947177e-02
-2.348455355995648572e-02
-2.322099498592962441e-02
-2.291977065881218092e-02
-2.263078129363620822e-02
-2.227615351691670381e-02
-2.192449380506450093e-02
-2.165578966561062038e-02
-2.130793993968081723e-02
-2.099027076869763864e-02
-2.061168381317302067e-02
-2.026859545959911260e-02
-1.989520295996794266e-02
-1.959237935400521755e-02
-1.927604718040697163e-02
-1.892971245652809095e-02
-1.855178979029474193e-02
-1.818008969001248809e-02
-1.789907821614768538e-02
-1.751935148112537116e-02
-1.717115135800164824e-02
-1.678583061092634929e-02
-1.643409732230258907e-02
-1.603118896039239585e-02
-1.569878090401902182e-02
-1.534570390713661109e-02
-1.498175906811559377e-02
-1.454602127477690014e-02
-1.414234555582181974e-02
-1.384338996063350438e-02
-1.346288340508260128e-02
-1.304786370698580653e-02
-1.266379420376239490e-02
-1.229148817018625370e-02
-1.188079177962057635e-02
-1.149043461512244853e-02
-1.113050828747211111e-02
-1.071891130344781833e-02
-1.027318468276386572e-02
-9.917571321922032460e-03
-9.502669922450680123e-03
-9.015534900945565075e-03
-8.659640793811646323e-03
-8.240796893905064438e-03
-7.787480072542207754e-03
-7.370981280335485268e-03
-6.995619361740082996e-03
-6.544323116727406714e-03
-6.146947256255298926e-03
-5.683970532864514660e-03
-5.248469241856377338e-03
-4.849866716290267103e-03
-4.374937801739212095e-03
-3.895682752307661183e-03
-3.497999424074571366e-03
-3.043915141811445301e-03
-2.505791005260440789e-03
-2.116650517176777834e-03
-1.678008891036343380e-03
-1.207127949767495666e-03
-7.313435587086047386e-04
-2.516946056628137991e-04
2.094806427562944306e-04
6.721277180406485434e-04
1.192434734767809559e-03
1.652874438948402505e-03
2.157168667308354947e-03
2.601856766784164856e-03
3.101004680330378058e-03
3.581102481048097693e-03
4.141038570462263896e-03
4.543645431158102946e-03
5.082073916840680952e-03
5.605126976123403666e-03
6.127115130591424645e-03
6.587622043613784902e-03
7.162767242114713266e-03
7.653738579538234450e-03
8.177432950475637535e-03
8.650126817697213061e-03
9.193082852622084036e-03
9.727173330231965453e-03
1.029765228034280541e-02
1.085511401514942763e-02
1.139492690323740988e-02
1.194696724061832666e-02
1.244462273386273514e-02
1.298656531247584581e-02
1.355732932009709804e-02
1.414441912605883880e-02
1.467996968557266566e-02
1.528353682867775176e-02
1.584880452141324697e-02
1.640647168441013853e-02
1.694731439546827423e-02
1.752882360670202089e-02
1.817242521081433027e-02
1.871909376607029316e-02
1.928199446528781544e-02
1.991815120872076142e-02
2.047584348807763091e-02
2.109210302468702419e-02
2.166808031641202434e-02
2.237023918759425967e-02
2.292387750479191189e-02
2.354272544728720426e-02
2.417151278615162907e-02
2.479007439856606432e-02
2.543444270404911570e-02
2.609670933404668186e-02
2.674561869158699132e-02
2.735278531850562911e-02
2.803487469353084169e-02
2.868845346547922726e-02
2.932481577239932219e-02
3.001322461953197587e-02
3.068512418027676339e-02
3.136426066437995180e-02
3.202685600748124417e-02
3.270687953087402650e-02
3.341137036958893858e-02
3.415020706884825535e-02
3.480661930802361054e-02
3.552766858994452215e-02
3.622471853387104757e-02
3.696772576817602268e-02
3.766368256745718235e-02
3.837462288273221084e-02
3.911803633101032518e-02
3.983310161614591477e-02
4.056277169599536297e-02
4.131663767842167628e-02
4.208493777051251772e-02
4.289551349830907773e-02
4.363571971995429399e-02
4.441258734909610956e-02
4.517419133543782578e-02
4.592221640337529331e-02
4.669926138113252023e-02
4.754523424786787772e-02
4.833074711117500005e-02
4.915535008877149059e-02
4.995521022816094836e-02
5.073373345603598289e-02
5.152721967070821030e-02
5.240257183048326745e-02
5.324936293520805830e-02
5.415596839830028042e-02
5.491749801837050859e-02
5.577822262513448121e-02
5.663620656770920053e-02
5.750221785823356191e-02
5.834745629939377259e-02
5.922063915205720563e-02
6.015118960628734052e-02
6.104344278872422119e-02
6.192192532587284526e-02
6.279201987664673190e-02
6.367886890540434830e-02
6.461568504536562008e-02
6.555670614259398454e-02
6.645096604255984474e-02
6.742078835227775790e-02
6.829687267812961649e-02
6.927207949761565731e-02
7.024862129120151844e-02
7.121354175486907523e-02
7.218632179890965839e-02
7.314365951161065638e-02
7.417856223194793652e-02
7.510847511450791103e-02
7.608802962491878485e-02
7.710740684578325232e-02
7.814448550710761943e-02
7.912713615752461904e-02
8.017418143682833453e-02
8.118365643224792483e-02
8.229265500380993081e-02
8.334464652392072070e-02
8.439092992983657227e-02
8.541982102341701133e-02
8.651511690249238939e-02
8.756124866522865813e-02
8.866042314475568176e-02
8.971432292865139102e-02
9.080849007952461471e-02
9.193947115417058780e-02
9.306266171016527866e-02
9.426535900156396419e-02
9.533891979877352763e-02
9.642915078871691636e-02
9.755084751105601304e-02
9.874584922531710884e-02
9.994884161007880352e-02
1.010939258163028182e-01
1.022604717402841312e-01
1.034809439882121845e-01
1.046372523030079105e-01
1.058018889182049116e-01
1.070525232650125502e-01
1.082492568913148018e-01
1.094802223411162206e-01
1.106916658109334262e-01
1.120121363681064047e-01
1.131892773352133480e-01
1.144136491659287491e-01
1.157408772151917870e-01
1.169980498634854565e-01
1.182820855648642339e-01
1.196052289318832451e-01
1.208299779086092762e-01
1.221076566685542764e-01
1.234621483817837512e-01
1.247448663285917608e-01
1.260576022999082002e-01
1.274503584195878225e-01
1.287824121215980500e-01
1.300985562313136945e-01
1.314721819398050051e-01
1.328485902609833902e-01
1.341791810514206817e-01
1.355831802316526113e-01
1.369980464013675625e-01
1.384123449853656429e-01
1.397936335785269490e-01
1.412136507852059519e-01
1.426491554201706757e-01
1.440978803539767483e-01
1.455143193252790013e-01
1.469926375748324965e-01
1.484525834587810678e-01
1.499018328566517344e-01
1.513490629364145634e-01
1.528625558081891656e-01
1.543312159592986343e-01
1.558069902029830811e-01
1.573252505939666812e-01
1.588426794437859668e-01
1.603618245129590225e-01
1.618652467702599851e-01
1.634063213206884968e-01
1.649842241560100786e-01
1.665050831336167270e-01
1.680439344722700901e-01
1.696020071798915452e-01
1.711698582226233167e-01
1.727926511257934783e-01
1.743540656917235976e-01
1.759318847050303225e-01
1.775313263800779584e-01
1.791046715371096554e-01
1.807071261617771152e-01
1.823514667097968223e-01
1.839736715257219435e-01
1.855983713175353989e-01
1.872464224556062429e-01
1.889558159479323429e-01
1.905769704337634540e-01
1.922480189125886085e-01
1.939107523857054316e-01
1.955599156998120702e-01
1.972579243339446786e-01
1.989448334994848022e-01
2.006486754366414438e-01
2.023645723496672044e-01
2.040526180571901327e-01
2.057531744287670050e-01
2.075174311764948765e-01
2.091938955762679131e-01
2.109138804181752980e-01
2.126737561524307263e-01
2.144321661680970159e-01
2.161855935347239688e-01
2.179108758516357103e-01
2.196826926630753019e-01
2.214368823380283013e-01
2.231707579505880501e-01
2.249750311726138041e-01
2.267781273079095550e-01
2.285938226124653583e-01
2.303250094175237628e-01
2.321644736264293352e-01
2.339546686006602760e-01
2.357558934768571035e-01
2.375896137258308172e-01
2.394061792343039896e-01
2.411892012338551772e-01
2.430278795823382909e-01
2.448948450497327178e-01
2.467414842700089150e-01
2.485678478240857525e-01
2.504417356334209810e-01
2.522536948443359628e-01
2.540920747166522942e-01
2.559687951022982522e-01
2.578259264562425823e-01
2.597128656398162150e-01
2.615073542297640108e-01
2.634205015249934112e-01
2.653117669782252275e-01
2.672113396573049804e-01
2.690642883228905324e-01
2.709861903583188347e-01
2.728292475334113676e-01
2.747211009868713028e-01
2.766755057945549656e-01
2.785833068894180697e-01
2.804707677842467883e-01
2.823734714712778371e-01
2.843047613222483561e-01
2.862060481543177715e-01
2.881258076120347122e-01
2.900735927920285451e-01
2.920152652777832647e-01
2.938943514842937144e-01
2.958411360129441503e-01
2.977682382405780204e-01
2.997758564282745897e-01
3.017175399395746194e-01
3.036166995473724151e-01
3.055760855567440371e-01
3.074984757476942332e-01
3.093988237057140323e-01
3.114561743452967657e-01
3.134036109546273208e-01
3.153820530667924560e-01
3.173025889788657627e-01
3.192769483940763320e-01
3.212493005183545414e-01
3.231825598322473070e-01
3.252111141516502157e-01
3.271695262529629722e-01
3.291640975409838021e-01
3.311690697989039256e-01
3.331227316959439744e-01
3.350927717116612414e-01
3.370659268917067797e-01
3.390785103599714412e-01
3.411107214090789985e-01
3.430877674400070187e-01
3.450762670593016113e-01
3.471066303449957258e-01
3.490809643510163762e-01
3.510579950719191489e-01
3.530728564914858980e-01
3.551067125608987629e-01
3.570923065031563204e-01
3.590793864957681492e-01
3.610953494865062341e-01
3.631334151383909248e-01
3.651070583978817674e-01
3.671682153437694773e-01
3.692099025931540046e-01
3.711734592699381663e-01
3.732262879751265250e-01
3.752344895155202420e-01
3.772798938326268892e-01
3.793566715042590576e-01
3.813538916233202292e-01
3.833964570310333109e-01
3.854385784647991753e-01
3.875055744911464206e-01
3.895307893635140961e-01
3.916088251925449182e-01
3.936554231182352592e-01
3.956079733763895323e-01
3.976960946372803951e-01
3.997042878684642364e-01
4.018138896703839502e-01
4.038364579838286672e-01
4.058799457320622639e-01
4.080063820053922430e-01
4.100669508796791485e-01
4.121309677616943334e-01
4.141417045135665775e-01
4.161973091850045825e-01
4.182635311221396535e-01
4.203185778834067632e-01
4.224054119452236300e-01
4.244635412153940357e-01
4.265181056489896760e-01
4.286373922466721886e-01
4.306703650342805223e-01
4.327907019997102589e-01
4.348651295715578735e-01
4.369096440854626229e-01
4.389595500174831022e-01
4.410370575590882858e-01
4.431261543376036061e-01
4.452091101550766372e-01
4.472547212076860013e-01
4.493438443702700846e-01
4.514179877646652406e-01
4.535039926615210271e-01
4.555540217465200992e-01
4.576513866965727373e-01
4.597572619397949922e-01
4.618176744081803342e-01
4.638708048123967309e-01
4.660264093787885309e-01
4.680702139956092744e-01
4.701587022750631784e-01
4.722599519295328507e-01
4.743092054610736352e-01
4.764233910903496461e-01
4.785077811464579223e-01
4.805753817281519513e-01
4.826732496418382201e-01
4.846890294404504473e-01
4.867987923465832423e-01
4.888902393514292788e-01
4.910468671576968536e-01
4.931132343984245270e-01
4.951468238809058064e-01
4.972273947138431960e-01
4.993444393597688546e-01
5.014309127342002625e-01
5.035063344279766540e-01
5.056179510574496661e-01
5.077222999950951055e-01
5.098166746235234248e-01
5.118642516227370765e-01
5.139565530159456719e-01
5.161053315429651178e-01
5.181405769690051732e-01
5.202814250508377425e-01
5.223601623362850166e-01
5.244524087560432646e-01
5.265037707373783071e-01
5.286213284404356338e-01
5.306887542332212604e-01
5.327804273246237177e-01
5.348389646333032710e-01
5.369722415259501336e-01
5.391258665374818460e-01
5.412106152373498125e-01
5.432320261232702618e-01
5.453533976424191909e-01
5.474250472848268823e-01
5.495256963784018733e-01
5.515855048200977162e-01
5.536684078041440582e-01
5.557935059471124095e-01
5.579383270113501547e-01
5.599667739051363835e-01
5.620815411462422029e-01
5.641858796659382502e-01
5.662521924976096077e-01
5.683527981764101566e-01
5.704569469827518446e-01
5.725290939296375781e-01
5.746129892209568268e-01
5.766992536334498709e-01
5.788228903375931544e-01
5.809420381876008177e-01
5.829943671087221002e-01
5.850919592028280825e-01
5.871804535992098950e-01
5.892897949685941272e-01
5.913915781556609019e-01
5.934839305576226076e-01
5.955943023687338966e-01
5.976943179944671503e-01
5.998115949855957751e-01
6.018590682320621443e-01
6.039874379024491313e-01
6.060563106651808418e-01
6.081387679669266744e-01
6.102861230829071948e-01
6.124038572538882397e-01
6.144632539897584289e-01
6.165386893379336541e-01
6.186715000676095144e-01
6.207544315565111104e-01
6.229138392318437356e-01
6.249505790851643816e-01
6.270631879469554804e-01
6.291405740094538901e-01
6.312376297874949804e-01
6.333805605473143974e-01
6.355279047966516659e-01
6.375690078970548402e-01
6.396433455992204253e-01
6.417913813022075864e-01
6.438942312013936631e-01
6.459477810031807321e-01
6.480461673863723293e-01
6.502038298070178524e-01
6.523395341162436800e-01
6.544081518396147601e-01
6.564541794862479573e-01
6.585918108335129251e-01
6.606420347641390745e-01
6.627495845511839345e-01
6.648430013732388177e-01
6.669999719912750313e-01
6.690764549980245945e-01
6.711979778986987277e-01
6.732708771275175419e-01
6.753659874858757295e-01
6.774047476446855010e-01
6.795051562458686023e-01
6.816730679692608597e-01
6.837536520042910571e-01
6.858528787222240020e-01
6.879563810943912783e-01
6.900212766680637877e-01
6.920873782250899220e-01
6.942101346287923302e-01
6.963026141300381333e-01
6.983951505662359116e-01
7.004116713710100139e-01
7.024872824526672277e-01
7.046453343319196705e-01
7.066896285460988469e-01
7.087849306963173168e-01
7.108564210952765805e-01
7.128764448311795121e-01
7.150109124116249548e-01
7.171253692429268023e-01
7.191648785273411226e-01
7.213383044879534411e-01
7.233568970014809807e-01
7.254607122467409130e-01
7.274375808731310400e-01
7.295651333356321100e-01
7.316202869579346846e-01
7.337108555790673448e-01
7.357358748538679327e-01
7.378183111863058086e-01
7.399187759121732544e-01
7.419944377210229147e-01
7.440167708318251583e-01
7.460814105710598110e-01
7.482166417309265016e-01
7.502494354991994241e-01
7.523230935774185557e-01
7.544040598977026502e-01
7.565086797499427362e-01
7.585943009408596671e-01
7.605786924885843403e-01
7.626555372464677296e-01
7.647435752115814278e-01
7.667968733732465347e-01
7.688464366766690761e-01
7.709041772866386255e-01
7.729616983695273280e-01
7.750458234675111635e-01
7.770831001830941220e-01
7.791993671204400229e-01
7.812469865451231454e-01
7.832986690100575133e-01
7.853226692195739433e-01
7.874003516743324216e-01
7.894654274200577637e-01
7.915261174385328502e-01
7.935387938996046886e-01
7.956352004167338565e-01
7.976973942776736104e-01
7.997398293246192891e-01
8.018132511917229754e-01
8.038747814309037398e-01
8.059323129348880954e-01
8.079906484148433599e-01
8.100051305945203950e-01
8.120800662946729975e-01
8.141186379285207941e-01
8.161773979019847358e-01
8.182315353855228457e-01
8.202994597093549167e-01
8.223402536729188528e-01
8.243774093562589167e-01
8.264195821416403520e-01
8.285106678430743665e-01
8.305347182486828572e-01
8.325074475073284130e-01
8.346580463351580548e-01
8.367061865636361562e-01
8.386858928584841610e-01
8.406918001813100672e-01
8.427784230444220759e-01
8.448276177006825982e-01
8.468942247133539603e-01
8.488919775950359847e-01
8.509271139464926748e-01
8.529880511926822839e-01
8.549881353820932839e-01
8.570397973459641383e-01
8.590939107194366375e-01
8.611076613600783247e-01
8.631159545338213945e-01
8.651586917690223810e-01
8.671408789947429030e-01
8.692106068212471781e-01
8.711903520480457352e-01
8.732786782859098818e-01
8.752756095212722576e-01
8.772783160554140647e-01
8.793046513391812313e-01
8.813450231411957825e-01
8.833037257852038859e-01
8.853376428026876743e-01
8.873794521729625462e-01
8.893810887510306129e-01
8.913569313559963625e-01
8.933426807570808981e-01
8.954017829109024440e-01
8.973878273440846209e-01
8.993856289211537014e-01
9.013798604354695820e-01
9.034047259477540059e-01
9.053741571073524730e-01
9.074011316228186574e-01
9.093721974923684170e-01
9.114020899887932403e-01
9.133844633263316082e-01
9.153805761540909636e-01
9.173471239863738580e-01
9.193362443201920087e-01
9.213403165947261497e-01
9.233272602079528601e-01
9.252918986962982428e-01
9.273268385080500886e-01
9.292680887300308612e-01
9.312674345429481360e-01
9.332191567739751559e-01
9.352486203734272641e-01
9.371916456658376804e-01
9.391935734953714698e-01
9.411522368034160868e-01
9.431332066990244511e-01
9.451243976154890536e-01
9.470720016408228359e-01
9.490746532323239837e-01
9.510354248133722210e-01
9.530214849045308689e-01
9.549853015352671726e-01
9.569319071850813652e-01
9.588852183530798268e-01
9.608334742797024486e-01
9.628837567746050263e-01
9.648872462154984841e-01
9.667701151245938762e-01
9.687468286575351417e-01
9.706911478119536474e-01
9.726349437627546113e-01
9.746271696883538338e-01
9.765913669136051523e-01
9.785097110572105183e-01
9.804953050729029451e-01
9.824561790473146372e-01
9.843975360562208232e-01
9.863110759399399408e-01
9.882348164636192145e-01
9.901970176149569314e-01
9.921757539747624310e-01
9.940983164417378504e-01
9.960715342259955918e-01
9.980458694204207282e-01
9.999597183981465687e-01
1.001887397896315202e+00
1.003784671584117216e+00
1.005704785644828902e+00
1.007670794527552927e+00
1.009567457239271437e+00
1.011481017707345664e+00
1.013369797520307980e+00
1.015312439078453144e+00
1.017252845855965759e+00
1.019138331240066364e+00
1.021038800794298984e+00
1.023030154629979815e+00
1.024921101172642013e+00
1.026778331519119680e+00
1.028716478898280995e+00
1.030636007963916079e+00
1.032528582408165807e+00
1.034416352455016952e+00
1.036267565617994713e+00
1.038170843251471354e+00
1.040090203198616559e+00
1.041951864386717386e+00
1.043827791808697780e+00
1.045709658954159460e+00
1.047652557902126080e+00
1.049545815738719634e+00
1.051397674803677740e+00
1.053264370485932577e+00
1.055160853608006821e+00
1.057050361262831251e+00
1.058954410747047215e+00
1.060813760464192734e+00
1.062658065669314977e+00
1.064518792131561087e+00
1.066386330305519436e+00
1.068255162935916269e+00
1.070100937244043759e+00
1.071957222997997894e+00
1.073813635119076793e+00
1.075684479714613451e+00
1.077538739566814119e+00
1.079371845206168912e+00
1.081190867965936553e+00
1.083033180751110436e+00
1.084890607700913501e+00
1.086751396741273190e+00
1.088612082686010618e+00
1.090444116301603428e+00
1.092260621608917237e+00
1.094107394161409230e+00
1.095899960523650574e+00
1.097719446051727443e+00
1.099530959512808659e+00
1.101415793509321839e+00
1.103208466550695155e+00
1.105023147180801413e+00
1.106838662224028935e+00
1.108588424590467580e+00
1.110475517192283990e+00
1.112256825709011299e+00
1.114074231440591145e+00
1.115888812576323552e+00
1.117715406074810458e+00
1.119497024200831303e+00
1.121280337980254505e+00
1.123051003912319157e+00
1.124861822798601363e+00
1.126666233159054231e+00
1.128448747817732301e+00
1.130290330877100846e+00
1.132049293440543947e+00
1.133889923481613771e+00
1.135574294108315785e+00
1.137350253648784726e+00
1.139185183563705239e+00
1.140977741758574915e+00
1.142764593334559597e+00
1.144472678306019287e+00
1.146309643851447735e+00
1.148071856181506645e+00
1.149853460140186634e+00
1.151564065141823745e+00
1.153304340131220185e+00
1.155091046847749325e+00
1.156831259107334198e+00
1.158643817100581286e+00
1.160414094326339907e+00
1.162111940570767610e+00
1.163843873243397775e+00
1.165610992275485147e+00
1.167383841475062134e+00
1.169095670648879315e+00
1.170829043000066960e+00
1.172556647344502156e+00
1.174292737140617326e+00
1.176009306335063176e+00
1.177715187752458981e+00
1.179495127323062276e+00
1.181244387790022721e+00
1.182970181176226765e+00
1.184655555773839186e+00
1.186433078298915200e+00
1.188121307572632901e+00
1.189815749907361164e+00
1.191522236655992772e+00
1.193213565570028001e+00
1.194938319613564337e+00
1.196676587413617376e+00
1.198344429117297993e+00
1.199996078921457210e+00
1.201688541250216069e+00
1.203442099390417130e+00
1.205044217495082171e+00
1.206775526402913634e+00
1.208469207621983843e+00
1.210123099343026309e+00
1.211764146409971321e+00
1.213430437876142021e+00
1.215128139836889609e+00
1.216812851972927545e+00
1.218420219419220629e+00
1.220098383215454829e+00
1.221734161462610713e+00
1.223348082422683225e+00
1.224975923415349666e+00
1.226633958216601039e+00
1.228313492646125660e+00
1.229907748141095158e+00
1.231604764044123890e+00
1.233138962919313686e+00
1.234810709929836436e+00
1.236441118182801890e+00
1.238029107878354074e+00
1.239684521121614313e+00
1.241308395639669770e+00
1.242881704853110225e+00
1.244503239486769886e+00
1.246145449797219751e+00
1.247707719601710341e+00
1.249250657814100718e+00
1.250910311805221387e+00
1.252461191705255938e+00
1.254071653445071322e+00
1.255614508909114191e+00
1.257153539603762082e+00
1.258776656437148533e+00
1.260430090942066483e+00
1.262008578015876292e+00
1.263595315057095547e+00
1.265161615917598237e+00
1.266697931717330361e+00
1.268292867354384512e+00
1.269827603970759888e+00
1.271367565021174428e+00
1.272989431873936983e+00
1.274509046037461735e+00
1.276037197929225986e+00
1.277621512507612245e+00
1.279198882535666160e+00
1.280708535388459746e+00
1.282259564424558240e+00
1.283801007051483811e+00
1.285390058932729174e+00
1.286908886797500928e+00
1.288462768347915066e+00
1.289991837106851946e+00
1.291524616751527077e+00
1.293060467951524517e+00
1.294586157304588703e+00
1.296139639933266308e+00
1.297626326119836637e+00
1.299186043989327022e+00
1.300717988753686383e+00
1.302259299687707372e+00
1.303783437653553312e+00
1.305302172145356820e+00
1.306779308512626692e+00
1.308306664515548334e+00
1.309823388989131088e+00
1.311356608943240465e+00
1.312857632654741868e+00
1.314332782577941616e+00
1.315842068754514926e+00
1.317368458494603711e+00
1.318868924818690225e+00
1.320401255470838642e+00
1.321851645692205590e+00
1.323344221739845672e+00
1.324811243984726161e+00
1.326283123925002139e+00
1.327834513636146907e+00
1.329295771318445230e+00
1.330796609799943075e+00
1.332230087912498195e+00
1.333751791161456701e+00
1.335206700103096500e+00
1.336644759487300549e+00
1.338137843294142426e+00
1.339560555079581938e+00
1.341092823674947532e+00
1.342479810810051077e+00
1.343907171184008265e+00
1.345415964765469097e+00
1.346872700870011208e+00
1.348328092845146209e+00
1.349697683669847104e+00
1.351157203557350028e+00
1.352635491831641668e+00
1.354031514762229271e+00
1.355504982786036150e+00
1.356956345706850309e+00
1.358338937368100741e+00
1.359758255972027818e+00
1.361171506361444461e+00
1.362607093081386944e+00
1.363980110109231036e+00
1.365395672319242193e+00
1.366873963277289494e+00
1.368291653009040543e+00
1.369663588580034341e+00
1.371058908664559262e+00
1.372434937598493887e+00
1.373856431933895728e+00
1.375203499961087816e+00
1.376646219982932129e+00
1.378042054578228592e+00
1.379421546492383799e+00
1.380734184075255611e+00
1.382172432819983809e+00
1.383476162867197656e+00
1.384863655450489839e+00
1.386254127065965180e+00
1.387593473386797172e+00
1.388942621322497573e+00
1.390323084818402277e+00
1.391720781391998063e+00
1.393043128101674411e+00
1.394355462831337267e+00
1.395745698836702964e+00
1.397155163188254168e+00
1.398404034378728289e+00
1.399772923121580970e+00
1.401107537804828773e+00
1.402517745319307840e+00
1.403854211183101830e+00
1.405092589767703126e+00
1.406447171814955377e+00
1.407775602114743840e+00
1.409055722904576813e+00
1.410465750251390205e+00
1.411793080220728802e+00
1.413138629543936098e+00
1.414447844080632954e+00
1.415774435907688700e+00
1.417094220092016243e+00
1.418383447838864608e+00
1.419740097627285369e+00
1.421062731088087450e+00
1.422378644509096679e+00
1.423683296324957714e+00
1.424966250176683324e+00
1.426308256966337007e+00
1.427644963360960251e+00
1.428920873104831735e+00
1.430253174966479746e+00
1.431515094794382659e+00
1.432838156488325465e+00
1.434143861117705532e+00
1.435460739494833327e+00
1.436793732490681430e+00
1.438070618170891768e+00
1.439328671312807506e+00
1.440698628008884707e+00
1.442012428776907829e+00
1.443279258713989766e+00
1.444584230622524057e+00
1.445919669456232626e+00
1.447229833029921586e+00
1.448454869764101982e+00
1.449740872458650687e+00
1.451035717847290796e+00
1.452309948662013239e+00
1.453646958566811920e+00
1.454935324078237668e+00
1.456235790747581138e+00
1.457448334265448509e+00
1.458757420969321705e+00
1.460079152274987191e+00
1.461336799183046153e+00
1.462615802856493286e+00
1.463874428553778806e+00
1.465158904648871330e+00
1.466435081942301100e+00
1.467696065172155118e+00
1.468954786157388614e+00
1.470236971560343830e+00
1.471483710692061520e+00
1.472750419360534968e+00
1.473984861118377232e+00
1.475234237238774115e+00
1.476543112503263311e+00
1.477802955173026955e+00
1.478995844012835903e+00
1.480235992087734598e+00
1.481506395022614608e+00
1.482784294905207023e+00
1.484014673378994953e+00
1.485297377575724553e+00
1.486454877389749907e+00
1.487653697927830532e+00
1.488894469269937071e+00
1.490141848557898996e+00
1.491382147022747295e+00
1.492586105432772037e+00
1.493839062300993614e+00
1.495065838537811942e+00
1.496257867393862240e+00
1.497463887145926487e+00
1.498699750991336233e+00
1.499880086808722091e+00
1.501064896244602265e+00
1.502312767246479108e+00
1.503496537988366244e+00
1.504727744452914795e+00
1.505919185587520248e+00
1.507122072329849294e+00
1.508306916406295661e+00
1.509520597093986227e+00
1.510736078275397798e+00
1.511893490861971445e+00
1.513027808303206045e+00
1.514227039740086989e+00
1.515416249840694451e+00
1.516617817410540470e+00
1.517813514647043505e+00
1.518950886204693429e+00
1.520148312923014888e+00
1.521315568743419000e+00
1.522460920307282972e+00
1.523649773252827577e+00
1.524854809662961053e+00
1.525959627826725340e+00
1.527135618864926325e+00
1.528305889612267210e+00
1.529524465156494317e+00
1.530637297271299824e+00
1.531797774570572201e+00
1.532925121638309962e+00
1.534129928104478680e+00
1.535275944864745279e+00
1.536424752479251588e+00
1.537622631027018461e+00
1.538719616450541006e+00
1.539927789523616974e+00
1.541057788205209444e+00
1.542263913351243243e+00
1.543392445439478733e+00
1.544509314240001707e+00
1.545686337347117245e+00
1.546857178689390988e+00
1.547949645424938181e+00
1.549090227365060857e+00
1.550244222568833541e+00
1.551403616557546217e+00
1.552562855657445784e+00
1.553689531086611231e+00
1.554807208722098322e+00
1.556003362527219380e+00
1.557129490775537750e+00
1.558263732942340551e+00
1.559428731020323200e+00
1.560565696072159669e+00
1.561657844139450191e+00
1.562847870162911157e+00
1.563955785352004080e+00
1.565066678826944502e+00
1.566235496929956783e+00
1.567402068904124146e+00
1.568511172575659085e+00
1.569627933738118486e+00
1.570762255022497778e+00
1.571824023197594400e+00
1.572997318801528710e+00
1.574082588438871166e+00
1.575257735426995875e+00
1.576364319500755062e+00
1.577477837177279074e+00
1.578623784190951618e+00
1.579696336794861766e+00
1.580903625538828239e+00
1.581995133193258685e+00
1.583075396760247777e+00
1.584227488704189613e+00
1.585306072642942654e+00
1.586394485709808011e+00
1.587534196978863443e+00
1.588691787303852410e+00
1.589784192655323336e+00
1.590853403988656378e+00
1.591963928710536935e+00
1.593074147978222443e+00
1.594184754233291201e+00
1.595271463348796992e+00
1.596314503186307299e+00
1.597396747430514852e+00
1.598502491898284639e+00
1.599612485996707356e+00
1.600720906414495381e+00
1.601836846096205802e+00
1.602914179140751516e+00
1.603955935571302449e+00
1.605063871704496936e+00
1.606111996031011957e+00
1.607183928260687233e+00
1.608217604416880997e+00
1.609342494627919118e+00
1.610386397831194305e+00
1.611455238440796744e+00
1.612529737475494551e+00
1.613555476964248170e+00
1.614662141247167559e+00
1.615697461668586188e+00
1.616808126726789752e+00
1.617851231686759261e+00
1.618891772008484775e+00
1.619928616314854963e+00
1.620969471255999661e+00
1.622040954928937184e+00
1.623094255823009258e+00
1.624153677759553549e+00
1.625168340705333225e+00
1.626210991212827306e+00
1.627223511746932694e+00
1.628278726095359952e+00
1.629311659429631742e+00
1.630322310648165240e+00
1.631413902232855095e+00
1.632386570791364955e+00
1.633434515572513623e+00
1.634466183970833431e+00
1.635529839824936271e+00
1.636531427195569544e+00
1.637567406869877784e+00
1.638545770626804510e+00
1.639607066825662596e+00
1.640655107883186581e+00
1.641599970555688737e+00
1.642672370612811461e+00
1.643654730703228095e+00
1.644689088533178190e+00
1.645696229056401894e+00
1.646683318624222903e+00
1.647698709737635436e+00
1.648739011914380548e+00
1.649751598043783574e+00
1.650772052276010093e+00
1.651776946144204894e+00
1.652725807584805473e+00
1.653744904509913072e+00
1.654761494179746606e+00
1.655773089915978602e+00
1.656764043745624138e+00
1.657798672315962119e+00
1.658833239617616861e+00
1.659801401302983148e+00
1.660811280922178224e+00
1.661821030688902745e+00
1.662817076525332949e+00
1.663772683188240231e+00
1.664827296720879035e+00
1.665830809815552316e+00
1.666793965203748451e+00
1.667807785800573983e+00
1.668800047108683682e+00
1.669837876801465448e+00
1.670843718848823656e+00
1.671832114840550165e+00
1.672779483192011085e+00
1.673832699099367716e+00
1.674819353547544409e+00
1.675791447281855140e+00
1.676764773998317137e+00
1.677812546031461904e+00
1.678780685966620556e+00
1.679803290338524047e+00
1.680738880429919480e+00
1.681734245174432818e+00
1.682763826012211306e+00
1.683713250776258885e+00
1.684730910754136612e+00
1.685711480671642670e+00
1.686667916378625787e+00
1.687587134060236638e+00
1.688577921949625527e+00
1.689586878323227292e+00
1.690581354808094572e+00
1.691553510947187089e+00
1.692508970389900558e+00
1.693477511231818777e+00
1.694447823759687832e+00
1.695469477176297923e+00
1.696426529973718678e+00
1.697368702254699935e+00
1.698294527200453707e+00
1.699210404871020375e+00
1.700243069597748624e+00
1.701156935045556429e+00
1.702113650626572827e+00
1.703061475694866989e+00
