-1.359947145544302056e-04
-1.653348381524701711e-04
-1.783126933259383243e-04
-1.806873592695747426e-04
-2.123395699932467760e-04
-2.190663266977805831e-04
-2.590957015743895514e-04
-2.443650830409511998e-04
-2.711747335079680177e-04
-3.281642468339928992e-04
-3.485749555521571895e-04
-3.329211695450157962e-04
-3.549206752968124437e-04
-3.638155490738111293e-04
-4.160079506329274960e-04
-4.254106698161644285e-04
-4.713922598744598987e-04
-4.747922536795206715e-04
-4.648198828325837803e-04
-4.838210152716769909e-04
-5.043919113559272235e-04
-5.195793033975302372e-04
-5.111134655004944847e-04
-5.746193522751869487e-04
-6.393530762630725197e-04
-6.331207120915402844e-04
-6.459351117988085342e-04
-6.723830243134183877e-04
-7.450749897842462921e-04
-7.551695115118264726e-04
-7.577357493645692525e-04
-8.224078061686298331e-04
-8.495766616876635358e-04
-9.041861986027766593e-04
-8.897660355954835430e-04
-9.235117718978007924e-04
-9.469271506170235959e-04
-9.824432933111162253e-04
-1.031448853441124976e-03
-1.035102513673401108e-03
-1.043165701870450409e-03
-1.044833045221379162e-03
-1.137208349631353829e-03
-1.195285961736041423e-03
-1.192082977799166195e-03
-1.175223101067562935e-03
-1.236104169714040803e-03
-1.223572666265631452e-03
-1.328358616981760139e-03
-1.362416775410628259e-03
-1.421943111738935110e-03
-1.417214649265809492e-03
-1.468186393784443652e-03
-1.511383233414270808e-03
-1.513806352427465385e-03
-1.559214069530222464e-03
-1.541723526471192431e-03
-1.631269299482839864e-03
-1.687375309485091707e-03
-1.695120864300950951e-03
-1.701966058770313555e-03
-1.745259723402948311e-03
-1.771600638342914679e-03
-1.811509804958277544e-03
-1.921529504916021265e-03
-1.912341726889468015e-03
-1.920049200613537779e-03
-1.917099140005809697e-03
-2.010404756817433299e-03
-2.067781449023748178e-03
-2.095535547655476890e-03
-2.133861346524553327e-03
-2.158876388122343837e-03
-2.233486813859869927e-03
-2.278001106004272618e-03
-2.295425948225928141e-03
-2.310338373543906632e-03
-2.346093610910633762e-03
-2.398242204109408277e-03
-2.404335048732714111e-03
-2.455484447272016264e-03
-2.491062381665633176e-03
-2.565279138340285144e-03
-2.626742317374143945e-03
-2.686114716093096575e-03
-2.685074048528908290e-03
-2.714279575620587651e-03
-2.757201944541804069e-03
-2.836007169207246069e-03
-2.859263636314583398e-03
-2.888945097930045551e-03
-2.903278919449432411e-03
-2.993184781674131534e-03
-3.049167957175655773e-03
-3.117900037116246113e-03
-3.136064188387416816e-03
-3.180529525408230026e-03
-3.263613263726115443e-03
-3.254447005088378659e-03
-3.304616322706357533e-03
-3.346850697779880056e-03
-3.429608889918539256e-03
-3.485260950337055585e-03
-3.443120501049794138e-03
-3.531365849383537748e-03
-3.565718818854880443e-03
-3.646549169685798630e-03
-3.670093853196282428e-03
-3.695447000237545802e-03
-3.734727656790861033e-03
-3.752619519412588901e-03
-3.799862238808214727e-03
-3.877364859444849821e-03
-3.907876569443125697e-03
-3.962110130742588221e-03
-4.018085117648102431e-03
-4.014408920531589882e-03
-4.050017107508845950e-03
-4.140779869786551624e-03
-4.187569139101622942e-03
-4.206844382937655058e-03
-4.240221268909603533e-03
-4.294013152840419310e-03
-4.339047419834598900e-03
-4.376063246818984870e-03
-4.375733257736789950e-03
-4.404151658844668304e-03
-4.468891191476385104e-03
-4.494865366488118297e-03
-4.526164435686460055e-03
-4.600513870692040687e-03
-4.610107574757912711e-03
-4.650729340109936889e-03
-4.616457402006156688e-03
-4.708620132207057100e-03
-4.752285991299645858e-03
-4.762195900159620771e-03
-4.805328278504047285e-03
-4.845282955759404146e-03
-4.887453618808677847e-03
-4.893490683459244400e-03
-4.931578244920736299e-03
-4.969448798818253306e-03
-5.056288245559493674e-03
-5.067856718228092375e-03
-5.064724725935981949e-03
-5.101339143114017906e-03
-5.160897244086492565e-03
-5.190781153406168191e-03
-5.177996482144466527e-03
-5.261291793868441875e-03
-5.296194373828644851e-03
-5.315771869310444327e-03
-5.353925694038507051e-03
-5.399011357496267399e-03
-5.435325410791226088e-03
-5.480004193392520873e-03
-5.539574554477782499e-03
-5.551039025212281715e-03
-5.590548798739101641e-03
-5.626597455554616274e-03
-5.650132498105647424e-03
-5.674201303396101022e-03
-5.780413689892123334e-03
-5.760524292682164468e-03
-5.797629528944910765e-03
-5.857493373576018285e-03
-5.873462898150528209e-03
-5.922162498578221156e-03
-5.955195715462721119e-03
-5.965997893763261978e-03
-6.071114332699097289e-03
-6.094962619823741587e-03
-6.141270103213380439e-03
-6.179733361639689303e-03
-6.194885483782283132e-03
-6.214762937632992493e-03
-6.235224608378349583e-03
-6.252647549651348807e-03
-6.352209717156252940e-03
-6.411758923244527744e-03
-6.381654329938470267e-03
-6.399780807327381041e-03
-6.467059391540628741e-03
-6.516471835105864044e-03
-6.592969418904852386e-03
-6.532742877434760502e-03
-6.607732492468061831e-03
-6.671964391738774945e-03
-6.654509479751219078e-03
-6.655762858962389027e-03
-6.725772634068499616e-03
-6.824822186609132146e-03
-6.850093436046272681e-03
-6.836861940179735780e-03
-6.894918853191842577e-03
-6.904851544653169831e-03
-6.981549599960158031e-03
-6.951870221817283042e-03
-6.942500265117045391e-03
-6.992696984502993519e-03
-7.074939819818205217e-03
-7.082422287916168013e-03
-7.115357640739099036e-03
-7.092654500994564730e-03
-7.179220416740835463e-03
-7.213424682289945426e-03
-7.184709417868074405e-03
-7.251339800314423982e-03
-7.218922719229894404e-03
-7.289360595788144451e-03
-7.306511310743866311e-03
-7.309884946093237607e-03
-7.323156809239736789e-03
-7.316568171044753738e-03
-7.373661827719987273e-03
-7.341082169340294901e-03
-7.392519538304416840e-03
-7.386116878690087567e-03
-7.435534026226422663e-03
-7.450882113642866636e-03
-7.472389885471677172e-03
-7.484858262896740451e-03
-7.503281654134819761e-03
-7.568165670996026065e-03
-7.520981550114934008e-03
-7.587239029688233605e-03
-7.553560958256428162e-03
-7.575570421591039209e-03
-7.609716361063113312e-03
-7.587094416633571349e-03
-7.602158344330271246e-03
-7.602099655102548779e-03
-7.645498722748619337e-03
-7.686547258826643449e-03
-7.704664286917268547e-03
-7.696002036347294496e-03
-7.652980189815701551e-03
-7.687077862855683230e-03
-7.729485235088041396e-03
-7.703721252195664705e-03
-7.681039110465034438e-03
-7.707060412974572894e-03
-7.690802805507087302e-03
-7.732967238260239108e-03
-7.729265772253959485e-03
-7.792147253663350009e-03
-7.812158840757310596e-03
-7.777589527120798950e-03
-7.794647224198502679e-03
-7.821202191351104421e-03
-7.828521355485614647e-03
-7.821344664143999384e-03
-7.822626466950028182e-03
-7.898815513571175173e-03
-7.922609390188158421e-03
-7.893611088038586868e-03
-7.895359850366705234e-03
-7.858871319113688511e-03
-7.895195120617528803e-03
-7.921030202213958163e-03
-7.922908915260866436e-03
-7.986793514604743210e-03
-7.999696392494369188e-03
-7.949367718982181669e-03
-7.948040153727671184e-03
-7.996202874602209229e-03
-7.998655248112848323e-03
-8.046185810506726807e-03
-8.031010487370775566e-03
-8.026081784851238701e-03
-8.058486967884598978e-03
-8.039922325697777469e-03
-8.046873903101062209e-03
-8.071549399913075656e-03
-8.129143883339400023e-03
-8.132402501838794859e-03
-8.077304777600267591e-03
-8.128568496127074397e-03
-8.200029520987620404e-03
-8.166790409115207150e-03
-8.170033806131208817e-03
-8.131693228130882842e-03
-8.147962165169704216e-03
-8.143685860612722913e-03
-8.148927102004582118e-03
-8.167077692350603949e-03
-8.169589925062002364e-03
-8.145921405777255958e-03
-8.164850995297671943e-03
-8.145952714860042396e-03
-8.192356309519328167e-03
-8.184526148966940473e-03
-8.225199954612585906e-03
-8.199949712969126225e-03
-8.195067064452029107e-03
-8.161934765207165890e-03
-8.178849693611057667e-03
-8.175375164602035477e-03
-8.163612701176043221e-03
-8.177054560052469251e-03
-8.163391096549746373e-03
-8.188948523560182768e-03
-8.139736981361462426e-03
-8.159986297482864012e-03
-8.194517590444492031e-03
-8.153712126071528676e-03
-8.177210542714979588e-03
-8.177116841350869081e-03
-8.114634535422339187e-03
-8.110650557407863420e-03
-8.107754835750711694e-03
-8.096081687712993954e-03
-8.143893699546926601e-03
-8.118683680934102309e-03
-8.069616567910421756e-03
-8.040536120371439416e-03
-7.973543637102726081e-03
-7.996885487388900524e-03
-7.962266250565154524e-03
-7.965704561138025469e-03
-7.963077849944886002e-03
-7.940125419077070923e-03
-7.929542585291365214e-03
-7.918166082574881748e-03
-7.881985410285162821e-03
-7.850728585526324868e-03
-7.798754515547460381e-03
-7.801059139321475308e-03
-7.797098615704395157e-03
-7.771505597238861397e-03
-7.715396722599447525e-03
-7.715868096213840573e-03
-7.654383829577556669e-03
-7.635239512857367947e-03
-7.649103115584360638e-03
-7.622317866486725234e-03
-7.611226710239067661e-03
-7.574665219539885794e-03
-7.503815246373102092e-03
-7.521505625099267865e-03
-7.460689531238558735e-03
-7.455253276038116203e-03
-7.455272038532270891e-03
-7.352682729498018557e-03
-7.378639359963741311e-03
-7.317969630003549886e-03
-7.293350141166407216e-03
-7.255245463396666102e-03
-7.262699822004010930e-03
-7.206848386614027324e-03
-7.245428891724130238e-03
-7.221398290533277524e-03
-7.172276390542893162e-03
-7.141215183308550866e-03
-7.099077552537589979e-03
-7.078419238309808376e-03
-7.019967925300330501e-03
-7.003458833776722743e-03
-7.026871042370945800e-03
-7.030997711385784249e-03
-6.960888034779881377e-03
-6.911977801904148691e-03
-6.917923565560394825e-03
-6.867639022194125913e-03
-6.860869205368496856e-03
-6.790522566366866825e-03
-6.794347098079570567e-03
-6.763106772133468773e-03
-6.712865623147431376e-03
-6.728446125638248843e-03
-6.629024181588836703e-03
-6.625291619087219155e-03
-6.628717262603804269e-03
-6.549942460135503054e-03
-6.516156794352764500e-03
-6.536130684466266889e-03
-6.468838830610398362e-03
-6.423358398893790934e-03
-6.439044841422681201e-03
-6.410631590712022668e-03
-6.326950489430550363e-03
-6.316972380119616898e-03
-6.264362881435754128e-03
-6.254296453353998773e-03
-6.242229634755501813e-03
-6.219126923663573746e-03
-6.160338036557373026e-03
-6.138791320535466438e-03
-6.080825925285782661e-03
-6.022680763663608786e-03
-6.012968398258897694e-03
-6.016876876941845524e-03
-5.964845269563757470e-03
-5.917285754956026940e-03
-5.822842050086624033e-03
-5.784097257235880363e-03
-5.753869862741818088e-03
-5.703303831791064690e-03
-5.696872736868843247e-03
-5.646430297314852451e-03
-5.594707912994031050e-03
-5.550231598059480499e-03
-5.536899311342177374e-03
-5.454598546262541016e-03
-5.435966294551096596e-03
-5.388360891395935388e-03
-5.300450212573975736e-03
-5.268828028647979528e-03
-5.236764559245568780e-03
-5.196905047780415836e-03
-5.084537310419886061e-03
-5.070006674431412792e-03
-5.062630278536374775e-03
-4.973699083179894224e-03
-4.907919047742120323e-03
-4.879278357328074162e-03
-4.789700468883456401e-03
-4.731931780988518632e-03
-4.698323566640173060e-03
-4.648336463126422069e-03
-4.631176405141506150e-03
-4.529169732811123839e-03
-4.454356866751575487e-03
-4.429471157421604327e-03
-4.369597218556071049e-03
-4.296393017027698609e-03
-4.200246392452190031e-03
-4.154278877124252534e-03
-4.098682592175690621e-03
-4.071258990406233062e-03
-3.972618114353518651e-03
-3.994261020613364133e-03
-3.825124112673480847e-03
-3.799817946772155938e-03
-3.767563268523721302e-03
-3.718094492082156619e-03
-3.623549137627881094e-03
-3.603921944736518997e-03
-3.527182886214343897e-03
-3.448813570172071675e-03
-3.409686976149167888e-03
-3.347267302550953599e-03
-3.273104066414705537e-03
-3.177078207927888295e-03
-3.137271269865106460e-03
-3.043195377832672542e-03
-2.942599330261410837e-03
-2.894859251628457714e-03
-2.861567230869205888e-03
-2.799019188221296868e-03
-2.733371063768234247e-03
-2.679334740533388312e-03
-2.552418439253362290e-03
-2.477062602302767917e-03
-2.448147394495747611e-03
-2.359171648179023660e-03
-2.290492569088842332e-03
-2.250487008222975920e-03
-2.222941415178750733e-03
-2.123625573839505072e-03
-2.101727975436651873e-03
-1.971723083054000621e-03
-1.945998562474043686e-03
-1.867732805670676861e-03
-1.751263872995160401e-03
-1.703263063222683164e-03
-1.664464229923212244e-03
-1.575023206486247636e-03
-1.543134838933558082e-03
-1.462563413796080574e-03
-1.375681509210533674e-03
-1.262578924705884875e-03
-1.213215050412468814e-03
-1.180326727892034178e-03
-1.078584679481078010e-03
-9.861811433642439072e-04
-9.760675022367976735e-04
-9.363484598606030889e-04
-8.637804669280474152e-04
-7.480992323473931779e-04
-6.560641703538108499e-04
-6.256731450411866192e-04
-5.410670996360127669e-04
-4.338344758555141931e-04
-3.442675259058382352e-04
-3.175893187651555589e-04
-1.953092391627267151e-04
-1.412738669178883609e-04
-9.057409661664363100e-05
-4.774033395552659673e-05
5.660963862842730102e-05
9.198647196054899429e-05
1.664911394017181171e-04
2.714260642077538188e-04
3.299560879613863402e-04
4.463450669946277373e-04
5.538187866530012863e-04
5.793285090341595981e-04
6.281948232545624990e-04
6.816000616177085277e-04
7.924287082475144246e-04
8.580967335440554998e-04
9.827353672043383226e-04
1.042694989774475530e-03
1.090302248414332098e-03
1.213815204321116049e-03
1.284718226819700623e-03
1.339629375308670810e-03
1.416938468330406322e-03
1.568740144134003669e-03
1.592281588571057204e-03
1.695657602984496038e-03
1.779438527938495811e-03
1.849774694476061720e-03
1.909963593388901582e-03
2.048488841831868322e-03
2.121382085278081687e-03
2.201146261209708122e-03
2.280701393771831977e-03
2.381207392173433687e-03
2.430499907226660577e-03
2.557093731112397052e-03
2.628432944895425782e-03
2.746977963347208267e-03
2.855663662448075599e-03
2.893301149008552491e-03
2.945644703736381102e-03
3.085702340367636048e-03
3.162058979580359679e-03
3.235628576269938394e-03
3.295468868563838655e-03
3.370434660248704077e-03
3.438736770005645146e-03
3.575234452322197977e-03
3.707091920968566198e-03
3.751995118079094402e-03
3.876457363566649696e-03
3.960905014223105140e-03
4.030661708155258011e-03
4.142814907622997464e-03
4.217319927281090210e-03
4.277961623971302842e-03
4.422271464071211335e-03
4.470556081018210899e-03
4.598319415113255419e-03
4.697661312667562525e-03
4.734631809792656104e-03
4.816976917889635550e-03
4.874865980379170134e-03
4.974527460614479139e-03
5.129029596323136930e-03
5.210172471932692471e-03
5.308372997149555204e-03
5.398839436873273563e-03
5.404081135527994892e-03
5.511610075790555376e-03
5.573796112380875224e-03
5.713111377601181977e-03
5.816265629676628697e-03
5.935945625028477522e-03
6.040758127907062784e-03
6.074955199550168862e-03
6.197898880237855991e-03
6.295779330126077995e-03
6.437662189931699086e-03
6.474487364845319878e-03
6.554697014403009989e-03
6.662855221635147381e-03
6.765087614971662493e-03
6.880280589554916941e-03
7.035924090651805331e-03
7.089295025486093069e-03
7.175265309302039825e-03
7.292251246968732385e-03
7.386705654204230205e-03
7.469448933639680384e-03
7.581269568667876532e-03
7.694444394828348771e-03
7.813935094947438084e-03
7.955663221404474586e-03
8.031176374798242035e-03
8.102801170494259089e-03
8.220697957784394230e-03
8.305068407791936155e-03
8.428588322389409318e-03
8.503963236592214370e-03
8.658150007435659601e-03
8.739578300600004540e-03
8.859479838552682118e-03
8.933313118395748084e-03
9.082255774428884751e-03
9.147252049198775076e-03
9.275932819828041145e-03
9.407177442072900062e-03
9.463937580982552389e-03
9.594897599389629744e-03
9.693135503723492030e-03
9.775084745428477481e-03
9.869731526861101265e-03
9.982700142444784000e-03
1.010177720177714115e-02
1.017681768979787627e-02
1.027291033867151239e-02
1.040457876781348580e-02
1.051434012819168519e-02
1.068221439176583222e-02
1.074764801035210486e-02
1.083420119520914215e-02
1.092920878078331576e-02
1.102678596100285444e-02
1.117396737690907332e-02
1.124662752770257297e-02
1.136747244668115213e-02
1.149715228179827749e-02
1.161138888079102718e-02
1.172481132901594114e-02
1.184475260916356687e-02
1.194381479504284110e-02
1.205886025205844293e-02
1.212055480449939458e-02
1.224552829071723185e-02
1.239669050132120517e-02
1.245340982571191933e-02
1.260952773714325154e-02
1.272691956664756541e-02
1.282946068846752864e-02
1.299340383725526397e-02
1.307885865440772295e-02
1.314230772243354245e-02
1.325034761996630832e-02
1.331942139250456847e-02
1.348274213671855556e-02
1.364297465603853468e-02
1.373389393281734989e-02
1.383589680394654853e-02
1.394019378631164430e-02
1.404640327343531850e-02
1.416729606400965631e-02
1.430124495426751338e-02
1.441657636311026447e-02
1.452048030272282131e-02
1.466177917893753471e-02
1.475343697947152644e-02
1.489737877573084519e-02
1.497649017722491385e-02
1.509653499228396159e-02
1.520683817907024678e-02
1.531377238334273236e-02
1.541834112653997502e-02
1.553887444533620134e-02
1.563441656020330903e-02
1.578781497233650369e-02
1.585431007175706203e-02
1.600294188245641319e-02
1.608098039345078056e-02
1.620553645094135325e-02
1.631246398234031600e-02
1.646032772693018648e-02
1.655637670624067123e-02
1.666254709882564189e-02
1.681364248068410380e-02
1.688919863020242607e-02
1.698166110707374082e-02
1.710965324590092360e-02
1.720617951207322610e-02
1.732420750002065454e-02
1.749643958217227818e-02
1.752170158654460866e-02
1.767175205469538948e-02
1.781375681756182730e-02
1.790856969753353706e-02
1.803972401869918807e-02
1.811043700025168415e-02
1.820886297087615305e-02
1.834806485512681037e-02
1.840550226416501345e-02
1.862085751925312074e-02
1.872646518247723935e-02
1.883926603753214787e-02
1.895508864958586961e-02
1.903705167394876413e-02
1.917425006259336137e-02
1.924052667156452359e-02
1.941452178641151632e-02
1.956600410288984737e-02
1.970747514304890813e-02
1.978124660051496647e-02
1.992875415494115010e-02
2.004937647121206312e-02
2.011580962942689094e-02
2.025447643648346785e-02
2.037884362036523553e-02
2.047048255184488394e-02
2.061318344463056174e-02
2.071643918378446303e-02
2.087689110172106371e-02
2.097417192477836478e-02
2.108059562132712228e-02
2.118583147487915555e-02
2.131442926283123526e-02
2.145711985452561713e-02
2.155391143495377290e-02
2.163661462534994390e-02
2.181019518526112685e-02
2.191731231691809723e-02
2.205116452841919539e-02
2.217606191891589515e-02
2.222842765868135451e-02
2.237942582422253537e-02
2.250632014999863831e-02
2.261029415537385567e-02
2.276727025433356727e-02
2.288632668137819542e-02
2.296700760390076382e-02
2.306402646337022203e-02
2.317469518845765783e-02
2.328566141325078692e-02
2.345560722188556185e-02
2.357091974372979570e-02
2.366661083379016650e-02
2.371314141402820069e-02
2.386062803590452072e-02
2.397855554338038445e-02
2.406037606374912541e-02
2.419877702446067771e-02
2.427382706594712405e-02
2.439664470609463273e-02
2.447658164677107145e-02
2.460420800613589629e-02
2.470295512465841073e-02
2.481643259006494767e-02
2.491543451157587907e-02
2.502928381953875570e-02
2.510769760498445663e-02
2.520407109732591272e-02
2.533171550690467219e-02
2.540431294685180016e-02
2.551700781398660856e-02
2.557114982492160113e-02
2.567767401722786252e-02
2.580086082965572097e-02
2.585931189585218004e-02
2.602950702671330552e-02
2.606656608892212595e-02
2.616367897546086757e-02
2.626921421582467317e-02
2.643830676326836340e-02
2.645540482500634283e-02
2.655445267183682845e-02
2.664779881938467848e-02
2.669225555963708127e-02
2.676713394763402878e-02
2.693182072300733670e-02
2.701017582107573603e-02
2.714082876952925508e-02
2.720146154316683759e-02
2.723591056428391333e-02
2.736712598587151893e-02
2.747157692400161930e-02
2.758446565893343805e-02
2.773603779188550666e-02
2.782501914962822592e-02
2.785881562969691125e-02
2.794479403377863116e-02
2.804387802663321078e-02
2.811086149896729891e-02
2.818949067180975473e-02
2.833146441923616726e-02
2.842759739710358155e-02
2.849086583081397381e-02
2.856317807015874843e-02
2.869335020392691296e-02
2.873391538481211149e-02
2.883132125307286131e-02
2.891813288957607517e-02
2.904765362067734252e-02
2.914182681506501116e-02
2.916716146404264853e-02
2.926301533307088323e-02
2.938120277235346800e-02
2.945133923440648033e-02
2.957230677385964610e-02
2.964023665702646484e-02
2.971210560248352395e-02
2.981835693041289329e-02
2.983604314015094253e-02
2.988842076889409310e-02
3.003711152469762044e-02
3.013064662445080408e-02
3.018643563200892541e-02
3.023717681402050481e-02
3.038123330641138292e-02
3.041616258875293188e-02
3.054809915767798048e-02
3.058389290442448810e-02
3.068802299053357413e-02
3.074568094451783987e-02
3.084571912751629674e-02
3.094064873635099869e-02
3.096827474970084704e-02
3.104084370195923925e-02
3.110973015368309960e-02
3.123042158871944252e-02
3.128268881087271219e-02
3.135265359839727040e-02
3.138643714663127277e-02
3.148914192226052317e-02
3.159247476208220523e-02
3.160454036495115304e-02
3.166520857220402052e-02
3.175855192773187341e-02
3.182658338611660948e-02
3.191225420212694813e-02
3.197473416412708463e-02
3.200038899707474682e-02
3.207345897788783928e-02
3.213768748605878856e-02
3.213364998915366894e-02
3.217735542978287372e-02
3.228157366338844925e-02
3.236722026465032459e-02
3.244619925210563693e-02
3.247219182585542319e-02
3.253321138294728437e-02
3.261664030042522866e-02
3.267849572800211877e-02
3.271754177272357539e-02
3.275684949742951879e-02
3.281387623169064460e-02
3.289154928473694839e-02
3.291853803599422562e-02
3.298474033030412977e-02
3.301447422821053579e-02
3.310824695731664352e-02
3.313161471763902827e-02
3.317598459987764620e-02
3.323528656458397956e-02
3.322939342608596108e-02
3.333821304435041072e-02
3.336167366410338481e-02
3.342664787586194924e-02
3.343119326832309779e-02
3.348838819634750164e-02
3.356677511433457661e-02
3.359699954152429308e-02
3.365377466659549843e-02
3.371745230728855763e-02
3.375075442846522250e-02
3.379276996500006625e-02
3.383558313883721497e-02
3.387084114332363644e-02
3.389977638955722627e-02
3.396688708055528583e-02
3.399369421978039318e-02
3.405012367804242240e-02
3.413508456397144897e-02
3.408431109876969289e-02
3.420865675734788280e-02
3.423178658342692499e-02
3.425684883871172454e-02
3.433036650146247676e-02
3.437097850058996873e-02
3.442882208026796370e-02
3.440611357588289898e-02
3.441576047118416470e-02
3.451696006878132023e-02
3.460302005444743784e-02
3.462475350428347726e-02
3.464270269283211551e-02
3.465704776447868507e-02
3.468477694948449153e-02
3.474785913996297076e-02
3.483698878983859659e-02
3.484271555183263841e-02
3.490555686421058929e-02
3.493444425239707746e-02
3.494995966229194617e-02
3.503478061580252156e-02
3.503852650480106939e-02
3.509728013058914520e-02
3.508474865619829602e-02
3.512013878495588715e-02
3.513259047699416465e-02
3.524832300599434198e-02
3.528819815340061145e-02
3.532927511685340916e-02
3.536344984749717479e-02
3.542672931291943050e-02
3.544606856427184177e-02
3.548592107578018434e-02
3.552002402511863360e-02
3.563319955544961420e-02
3.567396276108085462e-02
3.574321586985020754e-02
3.568892559901423733e-02
3.580467900636885581e-02
3.580056301936034024e-02
3.580971572009548215e-02
3.590595000624974970e-02
3.597754108062093531e-02
3.601006167436937577e-02
3.609368826013627934e-02
3.609470783179826586e-02
3.616891286487568941e-02
3.616471165848975100e-02
3.626209698460163694e-02
3.628243555517045998e-02
3.637202906754304077e-02
3.639576194136718429e-02
3.652343787777168754e-02
3.647400168944554821e-02
3.650381128170746697e-02
3.655642917717675383e-02
3.663388338730581839e-02
3.668158882882324029e-02
3.680167067685120169e-02
3.685020326401521745e-02
3.691885691488438342e-02
3.692817392762162698e-02
3.700423878859770976e-02
3.706611163351023613e-02
3.704683117779079132e-02
3.713643555404087110e-02
3.720985776661536043e-02
3.727873233126739044e-02
3.735896077700239654e-02
3.742370142250992654e-02
3.742422242677650307e-02
3.751593238924704615e-02
3.759118117269054371e-02
3.763911693148214860e-02
3.772858754611252419e-02
3.779650106000673193e-02
3.785324239828083415e-02
3.788029766046579344e-02
3.798290904560367581e-02
3.809754372320735966e-02
3.816019588156369796e-02
3.817475499089888896e-02
3.828672634343694564e-02
3.837715488453169455e-02
3.841072957640680186e-02
3.852683798546975569e-02
3.859703198235969746e-02
3.868065495151440381e-02
3.876649934672264652e-02
3.883794878697274106e-02
3.898608110191945780e-02
3.905889088232329664e-02
3.912456318396140970e-02
3.924533587527857109e-02
3.926784164975489350e-02
3.936272433914259766e-02
3.945509700199975600e-02
3.959349489410608075e-02
3.968975324760833090e-02
3.973404209301677203e-02
3.989710211144828489e-02
4.002220825515698244e-02
4.010093233562449927e-02
4.023679780456302507e-02
4.035647699567311564e-02
4.045119975596357664e-02
4.055779104154914882e-02
4.066267556344563966e-02
4.081009486193147573e-02
4.093402993702250497e-02
4.107589938331104862e-02
4.124065927659276848e-02
4.138475080083502816e-02
4.149804621542962230e-02
4.161667010887636770e-02
4.176681545566410941e-02
4.189291418645357118e-02
4.204758203071477102e-02
4.222520121105767521e-02
4.240292709511454122e-02
4.257160233638121460e-02
4.270335807220841662e-02
4.284977595369873077e-02
4.304064383315851089e-02
4.316000529395121882e-02
4.339246629655420934e-02
4.350549812898224511e-02
4.369812194680636197e-02
4.384361059923241183e-02
4.404208732648273728e-02
4.427507181040660905e-02
4.444004504004015615e-02
4.462954387122885364e-02
4.479000003243220618e-02
4.499414575037951475e-02
4.518304146995930082e-02
4.536636258293853807e-02
4.562726707662430325e-02
4.582784933281360690e-02
4.602460773593052001e-02
4.625552627638645359e-02
4.645534427624637558e-02
4.665065250377359307e-02
4.689643211263688077e-02
4.708064432414326567e-02
4.732430708951926995e-02
4.762250679665644415e-02
4.782385209403015869e-02
4.803587021257062217e-02
4.834912579497380875e-02
4.854943288978461058e-02
4.877359747403843537e-02
4.900358131792931921e-02
4.924827867982079638e-02
4.954783137847078300e-02
4.980404066119040879e-02
5.003055552446674520e-02
5.032024474819258436e-02
5.062709571362669636e-02
5.092486177346422505e-02
5.119519526783208874e-02
5.144190808227450118e-02
5.179831994891054975e-02
5.207195586510179192e-02
5.235090268454543200e-02
5.272925958692022130e-02
5.298942428529263005e-02
5.329062449918542388e-02
5.362631111535070411e-02
5.388721065026154389e-02
5.419875964816710939e-02
5.451369514040347447e-02
5.487481753785462130e-02
5.520083554955653588e-02
5.549961200993860921e-02
5.588767162916877251e-02
5.624930123023154371e-02
5.656393372011636611e-02
5.691138956859042447e-02
5.724952106817900871e-02
5.757775020115801778e-02
5.795955629124463493e-02
5.829937572558648723e-02
5.867375185419319156e-02
5.903772227067283912e-02
5.944068373084551715e-02
5.977301111857242361e-02
6.018000616537973885e-02
6.055811750157802376e-02
6.095863043022186484e-02
6.131121553075961211e-02
6.171915239087791272e-02
6.210522470434959308e-02
6.250766597985002448e-02
6.295023942526226102e-02
6.331293740317554819e-02
6.369865806229420280e-02
6.415084162937800816e-02
6.449976837872532787e-02
6.494282461173468690e-02
6.533401032371610739e-02
6.574147150702837339e-02
6.619201065056573574e-02
6.663357758058024993e-02
6.702747789906719766e-02
6.745649492118098445e-02
6.787277645788065972e-02
6.830080817697745110e-02
6.878224763119999974e-02
6.922879810581324123e-02
6.964315731853479297e-02
7.008869516050253434e-02
7.055870689333758328e-02
7.099756974616959482e-02
7.141214039975495032e-02
7.188587777985394611e-02
7.240024944503123394e-02
7.281461729617901002e-02
7.326435796247174337e-02
7.375176616819639763e-02
7.419593246123806773e-02
7.461361751722139779e-02
7.509815939446164157e-02
7.557454030627833164e-02
7.601323556873183784e-02
7.649389339652616637e-02
7.698852302998369923e-02
7.748113247624723032e-02
7.794412628122721065e-02
7.836166664869538556e-02
7.884243409268641700e-02
7.933626379491193203e-02
7.980468396067620651e-02
8.028718988743840934e-02
8.072800551233461075e-02
8.122484109166598631e-02
8.173529873656593114e-02
8.216186389158712522e-02
8.262789622668825773e-02
8.310659199411181419e-02
8.356701325803293778e-02
8.403776438184122621e-02
8.451898635107002455e-02
8.501649338557418223e-02
8.541785473380858473e-02
8.589314320015925541e-02
8.636264410678948233e-02
8.683820405155112665e-02
8.728745673679677575e-02
8.779376387964892003e-02
8.822080126810567802e-02
8.864060738054210797e-02
8.913547581613162629e-02
8.963980122513652560e-02
9.009629071968967839e-02
9.053179205200782842e-02
9.098054053332259306e-02
9.140701848885547653e-02
9.183224808669954164e-02
9.226206797933240999e-02
9.274293023310387074e-02
9.319530298750335062e-02
9.358544835952449514e-02
9.407991160180088908e-02
9.450474292269048227e-02
9.498503158590691775e-02
9.537772442113463811e-02
9.576480201625831024e-02
9.618697725327320092e-02
9.659886334889140891e-02
9.703559327679059376e-02
9.741098737125283846e-02
9.782563897659149466e-02
9.822975779972896448e-02
9.865023862450161829e-02
9.908272689847515136e-02
9.944690079338784627e-02
9.980077931140222958e-02
1.001815773063880616e-01
1.005534161289187156e-01
1.009702933038945649e-01
1.013175059577717668e-01
1.017286890269521876e-01
1.021112904600161159e-01
1.024426538730474345e-01
1.027853661011242509e-01
1.031249762676803711e-01
1.034713228019439046e-01
1.038266356345513980e-01
1.041015402872927514e-01
1.044996510131015327e-01
1.048195005188401890e-01
1.051494661696128347e-01
1.054379036530367630e-01
1.057249244344738992e-01
1.060512369812328104e-01
1.063224234321129141e-01
1.067071329067188351e-01
1.069578130758424561e-01
1.071959225789641951e-01
1.075042851259038479e-01
1.077984157441536778e-01
1.080446834323058047e-01
1.083021614579334768e-01
1.084906679648875577e-01
1.087947393145814179e-01
1.090297509287760092e-01
1.092895389780330212e-01
1.094901481542225052e-01
1.097344751025041698e-01
1.099320801112596002e-01
1.101151161925601751e-01
1.103353602901687575e-01
1.105394218575270343e-01
1.107451400333075986e-01
1.109065750891748137e-01
1.110701386289175419e-01
1.112656071855535056e-01
1.114355165872278897e-01
1.116118809200302431e-01
1.117535692925662877e-01
1.118971858229484001e-01
1.120152860675480144e-01
1.122000829263321842e-01
1.122337626172262015e-01
1.123794163486155490e-01
1.125068089657549619e-01
1.126144641601293933e-01
1.127295198161911288e-01
1.128395666275347903e-01
1.128955638212451318e-01
1.129623396602359719e-01
1.130262616439840495e-01
1.130660285078628202e-01
1.131400239274055614e-01
1.132403589333335625e-01
1.132509831725075217e-01
1.132815401281844075e-01
1.132937999041575827e-01
1.132871614454553366e-01
1.133281698812750177e-01
1.133020276865205206e-01
1.133037301164647320e-01
1.133589912316400883e-01
1.133311088747706030e-01
1.133273086283814873e-01
1.132233455808455275e-01
1.132653705397685118e-01
1.132111013391169652e-01
1.131537452997449789e-01
1.130619980515943507e-01
1.130546826195580473e-01
1.130068740089102269e-01
1.128997429813151515e-01
1.128073872294099861e-01
1.127109080795630075e-01
1.126372386673832049e-01
1.125044427535981384e-01
1.124427723062817880e-01
1.122707083559509045e-01
1.121560622838074506e-01
1.120214319085648252e-01
1.118667812438601250e-01
1.116986805040982994e-01
1.115393455441162779e-01
1.114314256267427000e-01
1.112610691659222384e-01
1.110556606129622370e-01
1.108573014642351140e-01
1.106315964102915772e-01
1.104791971613296730e-01
1.102560675065509255e-01
1.100233111171933786e-01
1.097778279670581780e-01
1.095195903756665395e-01
1.092588920866101598e-01
1.090765988053339769e-01
1.088028150650165587e-01
1.085335491374570249e-01
1.083046511465207001e-01
1.080401030943629742e-01
1.077263276095414418e-01
1.073792612898488708e-01
1.070839246076331491e-01
1.068029026319081143e-01
1.064586931402779213e-01
1.061367775621640669e-01
1.057592519955445204e-01
1.055031374990920007e-01
1.050785999616555694e-01
1.047243727124020640e-01
1.043769683937674914e-01
1.040003820616511726e-01
1.036203976963248757e-01
1.032521915212241959e-01
1.028328699274159846e-01
1.024594903126726242e-01
1.020243739615964707e-01
1.015613108301978845e-01
1.012080178968161465e-01
1.007436549174560853e-01
1.003125659365264322e-01
9.983657603281612114e-02
9.938023861114639312e-02
9.897873056713415996e-02
9.847819102082690235e-02
9.798620652688191934e-02
9.750404299034108602e-02
9.704216317388358881e-02
9.658096136174439128e-02
9.604078830316760407e-02
9.547810874240948709e-02
9.497079928492993539e-02
9.445352511251843552e-02
9.386212314031246173e-02
9.334779213089822170e-02
9.282644310447835112e-02
9.223826499268224233e-02
9.171778571798920587e-02
9.113364257824017878e-02
9.055412332277905374e-02
8.998130400247841831e-02
8.940608088595181080e-02
8.882488174213191978e-02
8.817924253442924187e-02
8.761022663584323855e-02
8.700313723003462452e-02
8.633073540033797677e-02
8.568965208733934913e-02
8.506028445730998144e-02
8.442738178391988313e-02
8.378634997496685333e-02
8.312238103922943433e-02
8.244274391705057325e-02
8.179324391502741654e-02
8.111645960503754971e-02
8.043646223954735441e-02
7.975131910169211413e-02
7.905665119831657706e-02
7.839281338302921120e-02
7.770580982031995154e-02
7.698197204334704391e-02
7.624571111260031175e-02
7.550502151113266947e-02
7.487455478621242444e-02
7.411947340762148340e-02
7.337569947045409491e-02
7.261306314673085516e-02
7.188814116560011958e-02
7.114763944213024771e-02
7.038592010224421769e-02
6.961572479761730936e-02
6.887076304116773739e-02
6.810616227104358822e-02
6.733806628731228705e-02
6.655198277046177335e-02
6.577681386355929694e-02
6.494088742379514057e-02
6.424703283925831121e-02
6.339083521272041721e-02
6.260856721120131030e-02
6.179788673829374190e-02
6.096753042432746100e-02
6.014398962273227733e-02
5.934473562710087385e-02
5.853893941720475502e-02
5.772553787024745781e-02
5.691398847685364554e-02
5.600389921229907697e-02
5.513411341869277338e-02
5.435652190578755399e-02
5.352920618162271271e-02
5.265855704695523998e-02
5.181892712198643558e-02
5.095152260932335475e-02
4.998803746947571430e-02
4.913938817004467191e-02
4.831305144902027504e-02
4.744167942337882554e-02
4.655456653710059872e-02
4.566223528771663764e-02
4.479331586361321588e-02
4.387589342090573302e-02
4.294835741891118996e-02
4.208807318930950919e-02
4.110999715799353027e-02
4.023636333602249177e-02
3.937529069355274330e-02
3.848891985275707667e-02
3.754145447399304114e-02
3.659888002909222199e-02
3.564995894416428390e-02
3.469022428519512313e-02
3.381606606841323220e-02
3.290015042499034453e-02
3.195469373102460819e-02
3.105374087094750837e-02
3.008810177408561062e-02
2.908960895560085136e-02
2.816089211540862003e-02
2.722505921700706794e-02
2.626108378450665512e-02
2.526303480565962253e-02
2.427798523288413057e-02
2.330602841111172052e-02
2.237624340095760098e-02
2.134726856639041978e-02
2.037464639283942738e-02
1.940844991373705600e-02
1.842399588147064851e-02
1.747616050173641036e-02
1.647201744332078138e-02
1.551231148507717719e-02
1.454087893706180502e-02
1.354293299227085808e-02
1.251305837204608890e-02
1.158064700738132245e-02
1.056720538407436745e-02
9.539984709117160441e-03
8.508803510369747011e-03
7.573690077324012754e-03
6.572160577348833306e-03
5.597060811222555332e-03
4.542429898493850239e-03
3.554018927432987546e-03
2.615436267224199429e-03
1.573075561668476220e-03
5.454223641608436750e-04
-4.478010076945311058e-04
-1.500603227257500238e-03
-2.501621082927582215e-03
-3.466138318134110753e-03
-4.472742645495658698e-03
-5.427324820081900689e-03
-6.474354329397315720e-03
-7.484157049195248532e-03
-8.492371581041406256e-03
-9.497875005116738004e-03
-1.048904710795631884e-02
-1.144400743556998716e-02
-1.248888164842682641e-02
-1.351887470576614535e-02
-1.449887691887586511e-02
-1.548664241347504252e-02
-1.650976971152126951e-02
-1.750682816864939165e-02
-1.847884670370083735e-02
-1.951972915498099287e-02
-2.050657361334683529e-02
-2.147388155877745508e-02
-2.249431371904168225e-02
-2.350427957627590145e-02
-2.447057075002459850e-02
-2.548712549981458839e-02
-2.648650399090893282e-02
-2.747288733657847828e-02
-2.847914344219902930e-02
-2.948971918590994126e-02
-3.042156287258569389e-02
-3.138988831421993253e-02
-3.238614860530603101e-02
-3.338348694438076497e-02
-3.433273749211944448e-02
-3.528272691492433111e-02
-3.627469799774733772e-02
-3.727668252475959537e-02
-3.827492718130227206e-02
-3.918605683265567741e-02
-4.014543572635233953e-02
-4.113780225802694118e-02
-4.217627286826349658e-02
-4.310168422542536709e-02
-4.396630964691390642e-02
-4.497976863060745151e-02
-4.596289175578868041e-02
-4.690809308569175023e-02
-4.785181276487970176e-02
-4.881525628397283961e-02
-4.976659016346000886e-02
-5.072173144931651362e-02
-5.165150040054647396e-02
-5.259302126593420196e-02
-5.347723860309470945e-02
-5.440071518489709296e-02
-5.540459173371689583e-02
-5.626964324860574823e-02
-5.722339899515152539e-02
-5.812574111490572543e-02
-5.909630990681710022e-02
-5.999177226919346489e-02
-6.092383753228289983e-02
-6.177023721559052327e-02
-6.268115161651617584e-02
-6.361066494277517469e-02
-6.451342857418108923e-02
-6.538557052308292816e-02
-6.629076706001429953e-02
-6.717557491709218176e-02
-6.805623942280855654e-02
-6.893333726065106748e-02
-6.981061330404110532e-02
-7.069237091944302609e-02
-7.158318278815677116e-02
-7.244037642948195077e-02
-7.332743151697562745e-02
-7.415656164979117504e-02
-7.507053621674157629e-02
-7.582664145180217918e-02
-7.664213560060252617e-02
-7.752823845361607458e-02
-7.836100490300842991e-02
-7.919318142010500772e-02
-7.997724045331142118e-02
-8.083358417044039790e-02
-8.166328413744189385e-02
-8.241848410651582413e-02
-8.324903125170378393e-02
-8.406177039952407448e-02
-8.488913192879676828e-02
-8.569774838753123347e-02
-8.645574603041189521e-02
-8.722750093464821941e-02
-8.798901437476132348e-02
-8.876877343720700198e-02
-8.958721637194613785e-02
-9.031262195925662817e-02
-9.105640557880555208e-02
-9.180812360663878624e-02
-9.252425317644220881e-02
-9.320539666203708773e-02
-9.399984300397672132e-02
-9.476209443569590107e-02
-9.547528711398042822e-02
-9.620193083914697907e-02
-9.683686612621357492e-02
-9.754360788662348736e-02
-9.830006190146682588e-02
-9.896585819550685059e-02
-9.964622009145654435e-02
-1.003412251891581813e-01
-1.009693361222294972e-01
-1.016542866540324636e-01
-1.023136841516957135e-01
-1.030135425410884653e-01
-1.036501512214441645e-01
-1.043236519595906187e-01
-1.049290044312328335e-01
-1.055990939184828364e-01
-1.061851975818944582e-01
-1.067995349329189103e-01
-1.073744974772538191e-01
-1.079840686942316053e-01
-1.086176549171862515e-01
-1.092579612278457707e-01
-1.097967762085192422e-01
-1.103554142245787434e-01
-1.109744094491593031e-01
-1.115639378645798818e-01
-1.121006869215409596e-01
-1.126081562660485730e-01
-1.131883359909249542e-01
-1.137380111308914643e-01
-1.142406817438445382e-01
-1.148181830222449462e-01
-1.153133772746949282e-01
-1.158330655775493129e-01
-1.163353540666337699e-01
-1.168606077574451396e-01
-1.173429063591781285e-01
-1.178252631768436642e-01
-1.183283975685501949e-01
-1.188137569439814273e-01
-1.192552140235148966e-01
-1.197069146227508485e-01
-1.201382973349030409e-01
-1.206020861460734145e-01
-1.210299530586525923e-01
-1.215141390107065678e-01
-1.219361203242096819e-01
-1.223478452714386877e-01
-1.227880071692995512e-01
-1.231380275401639385e-01
-1.235387742961708279e-01
-1.239272346350748788e-01
-1.242799524737465827e-01
-1.247033458319212473e-01
-1.250859819041328647e-01
-1.254399913296654623e-01
-1.258392581719172676e-01
-1.261932708899127786e-01
-1.265272453637568684e-01
-1.268748980536174575e-01
-1.271147752246397089e-01
-1.275030613573343852e-01
-1.278301812491672851e-01
-1.281019704766850897e-01
-1.284163164409357072e-01
-1.286714816850279830e-01
-1.289779515825109635e-01
-1.292703934402910093e-01
-1.295313934987268045e-01
-1.297845047440618071e-01
-1.299937298528646978e-01
-1.302776527317426325e-01
-1.305469605183841864e-01
-1.307838564440421680e-01
-1.309632445668225953e-01
-1.311762001123664700e-01
-1.313961356126844560e-01
-1.316291453301088321e-01
-1.318027201766207024e-01
-1.320051260819860572e-01
-1.321650105178116819e-01
-1.323921570077013776e-01
-1.325047847456446160e-01
-1.326877785500257534e-01
-1.328097482529700946e-01
-1.329711865723448294e-01
-1.330709095074209536e-01
-1.332283195045431967e-01
-1.333371111720804136e-01
-1.334575606764301092e-01
-1.335321395749532458e-01
-1.336600306308482755e-01
-1.337519896640956552e-01
-1.337908636305505938e-01
-1.338631978190934491e-01
-1.339579316293488531e-01
-1.339436767152342445e-01
-1.340233104938393371e-01
-1.340355907668034918e-01
-1.340927907334726610e-01
-1.341066450565112922e-01
-1.341517515615335276e-01
-1.341218834155621931e-01
-1.341078339518944618e-01
-1.341425810670857366e-01
-1.341356716921722203e-01
-1.341027427366181524e-01
-1.340827162295980535e-01
-1.339689062522154972e-01
-1.339489490146725525e-01
-1.339172112377318147e-01
-1.339166392801163230e-01
-1.337787310432365373e-01
-1.337042916186812480e-01
-1.336214315126560970e-01
-1.334976071335731151e-01
-1.334082920001738448e-01
-1.332932134685741177e-01
-1.331718631845804079e-01
-1.330672480546519210e-01
-1.329549421661136710e-01
-1.327961775229443697e-01
-1.326104307572442131e-01
-1.324591652433058930e-01
-1.323077135064257559e-01
-1.321578452434327700e-01
-1.319327905534773415e-01
-1.317947103081001103e-01
-1.316193136853221757e-01
-1.314150329116826610e-01
-1.312040868880464117e-01
-1.310464530705770791e-01
-1.308592919969270019e-01
-1.305913045313793208e-01
-1.303754155651465629e-01
-1.301200739134186213e-01
-1.298742367598525738e-01
-1.295848238348642767e-01
-1.293645244413445250e-01
-1.291372057785809824e-01
-1.288859982701945905e-01
-1.285779217166410915e-01
-1.282961856809055612e-01
-1.280311584874040953e-01
-1.277475668310595058e-01
-1.274427265236131868e-01
-1.271155496941917540e-01
-1.268322569380143094e-01
-1.264971205141292854e-01
-1.261306231820759627e-01
-1.257750814384500926e-01
-1.254980896534024504e-01
-1.251850258733091525e-01
-1.248050204736496083e-01
-1.243757459532867093e-01
-1.240700847818423519e-01
-1.236997187118362707e-01
-1.233232194892113776e-01
-1.229679907929104032e-01
-1.225561487255118764e-01
-1.221224572628565458e-01
-1.217535475686036123e-01
-1.213220007237329201e-01
-1.209405230211526294e-01
-1.204908149106735937e-01
-1.200632549680986927e-01
-1.196260078345457306e-01
-1.191920630053421998e-01
-1.187778896365474235e-01
-1.182025421511576496e-01
-1.178009556610397773e-01
-1.173518964381186636e-01
-1.168795226005883287e-01
-1.164125989972967096e-01
-1.159123903916911696e-01
-1.153916304858109976e-01
-1.149049287910075129e-01
-1.143640028723677815e-01
-1.138786635901154476e-01
-1.133413327080880773e-01
-1.127695609644957658e-01
-1.122196673998414884e-01
-1.116950076467789349e-01
-1.111323031342184575e-01
-1.105609671537302330e-01
-1.100432358498115853e-01
-1.094919949523057712e-01
-1.088969492225937696e-01
-1.082644733622073197e-01
-1.076753666039517165e-01
-1.071047068723792461e-01
-1.064954971751965324e-01
-1.058538151347341444e-01
-1.052603401401747130e-01
-1.046279600775740642e-01
-1.040066855159116621e-01
-1.034317924096353342e-01
-1.027621222722713140e-01
-1.020778558811243492e-01
-1.014334477345674029e-01
-1.008223058340322609e-01
-1.001342872908407289e-01
-9.948254790744345821e-02
-9.881157174096649731e-02
-9.813039753035730783e-02
-9.742497537418071119e-02
-9.676468606288785024e-02
-9.606379534567727196e-02
-9.536401797442485562e-02
-9.468537802899991418e-02
-9.396001712189124000e-02
-9.327868169351219430e-02
-9.255199860370813547e-02
-9.179876554783131248e-02
-9.106042431347513566e-02
-9.036911805285413601e-02
-8.964963461555125468e-02
-8.889221012836744096e-02
-8.813556480054433873e-02
-8.740362903469164890e-02
-8.668503199850940977e-02
-8.592920587736661842e-02
-8.513898304658239213e-02
-8.435720560424740666e-02
-8.361521881877442830e-02
-8.284841311766268090e-02
-8.205933010303412267e-02
-8.127770818304910772e-02
-8.045729806602172629e-02
-7.970040810656298103e-02
-7.891909651976851403e-02
-7.813429733821973533e-02
-7.732553340283931931e-02
-7.653454921094110519e-02
-7.577764527094815739e-02
-7.495790625862901180e-02
-7.415087312495320659e-02
-7.334309565902898120e-02
-7.250137445699800232e-02
-7.168698045356447501e-02
-7.086940080464972092e-02
-7.005241196822976912e-02
-6.927305732152476414e-02
-6.840098147096128345e-02
-6.760121179606859432e-02
-6.674677502290510267e-02
-6.593044287349825172e-02
-6.508864304569800252e-02
-6.423651760612641981e-02
-6.339535565996756716e-02
-6.256898602978447355e-02
-6.170631745960155484e-02
-6.089023893826728262e-02
-6.004852258014015814e-02
-5.916703781853192845e-02
-5.827680178220286805e-02
-5.749458685689504828e-02
-5.661694788743623641e-02
-5.581522397268618568e-02
-5.490415414924080389e-02
-5.401156929161485959e-02
-5.310701682783589700e-02
-5.229218501145683345e-02
-5.142983606180286105e-02
-5.049992959267270848e-02
-4.965751821381407527e-02
-4.880095406078593240e-02
-4.798190914955098585e-02
-4.702995551906912625e-02
-4.612783737712092963e-02
-4.524070663118742730e-02
-4.440382199165641974e-02
-4.348704957726951675e-02
-4.259403160919258968e-02
-4.166706652598608368e-02
-4.078096836181197699e-02
-3.989312877021562731e-02
-3.898410635025666149e-02
-3.809942331986410080e-02
-3.724310102310469939e-02
-3.631576929159101297e-02
-3.535298596382741021e-02
-3.444983237497589723e-02
-3.355512566253688461e-02
-3.269538194060221670e-02
-3.172297749704951902e-02
-3.078849098922353117e-02
-2.986177813234554973e-02
-2.901143496194220558e-02
-2.808770343994144644e-02
-2.710145878214005252e-02
-2.624435949296285292e-02
-2.534206020707839221e-02
-2.440225893779772101e-02
-2.344960616587386804e-02
-2.251957328711165843e-02
-2.161045297614434813e-02
-2.072985662825112610e-02
-1.976928641881178089e-02
-1.885095773842608916e-02
-1.788843317015554116e-02
-1.698150887713766044e-02
-1.600868942592988814e-02
-1.504116923718582313e-02
-1.417719449781799403e-02
-1.324914405312624735e-02
-1.235013081325601024e-02
-1.142053402902909985e-02
-1.051814009627910496e-02
-9.589560787482803370e-03
-8.689402500783960023e-03
-7.766635695746309555e-03
-6.847634810755462778e-03
-5.883901617053889296e-03
-4.976593532665828622e-03
-4.082474988035212672e-03
-3.168126714634204085e-03
-2.216122621231174632e-03
-1.324952873357897187e-03
-3.986768706847617456e-04
4.829795897321383113e-04
1.390311202723480124e-03
2.273296990049097997e-03
3.128426024671370539e-03
4.044027261582369866e-03
4.976867046829405207e-03
5.799639600683648318e-03
6.672754966259366281e-03
7.587164432434523494e-03
8.503583212075806891e-03
9.397689700153456782e-03
1.026253323690279502e-02
1.111449999372681081e-02
1.197973800580478393e-02
1.282236710192908788e-02
1.370650634947143121e-02
1.453954570532052515e-02
1.541021187405369405e-02
1.624738204222478388e-02
1.712876138395138040e-02
1.794689001249703472e-02
1.877269466850741905e-02
1.962562015265978052e-02
2.046692085008522052e-02
2.126975162084735610e-02
2.211509419278034905e-02
2.292909013335991952e-02
2.377361155173185470e-02
2.457166936237813529e-02
2.534564850970439168e-02
2.617382727630485073e-02
2.698082443484154866e-02
2.776699097213585626e-02
2.858968317801763651e-02
2.935687440154095482e-02
3.023929995020628939e-02
3.099630021750859193e-02
3.176211022591446387e-02
3.256882847366097261e-02
3.329984331490819238e-02
3.401209413613512367e-02
3.479800923729847034e-02
3.558153679932733043e-02
3.635324158364506425e-02
3.711731458981613191e-02
3.780979847444142922e-02
3.855322594427097738e-02
3.934368442764203666e-02
4.005024548970477494e-02
4.077224275647143431e-02
4.156487579861486981e-02
4.226131020406154876e-02
4.297283070319939113e-02
4.365735162635385469e-02
4.438081316478406646e-02
4.511142681522587600e-02
4.579978624933721265e-02
4.646703181331659355e-02
4.717248294131536762e-02
4.787655547029887049e-02
4.854821888958861520e-02
4.922338240663153008e-02
4.993788621185529797e-02
5.059008609626987341e-02
5.125838692792696744e-02
5.194619636892362780e-02
5.258195912182148796e-02
5.317908152136350403e-02
5.383981528458910149e-02
5.450046064110306704e-02
5.516391033197621391e-02
5.577374394088486370e-02
5.636322535401361300e-02
5.702466460071068527e-02
5.767134778846810111e-02
5.827279026213894042e-02
5.888685514588444525e-02
5.945790489338307477e-02
6.005111647981832557e-02
6.064274967552550633e-02
6.119350184276028948e-02
6.182410856362618307e-02
6.238914118335313341e-02
6.289674581397279585e-02
6.344426958704031672e-02
6.405153451043305024e-02
6.457059089754629833e-02
6.513306012939566736e-02
6.564331970948103501e-02
6.613111841658263212e-02
6.669362574829405810e-02
6.720171823733230021e-02
6.777135880077177210e-02
6.822761361916863943e-02
6.874659467711097260e-02
6.924446887283768060e-02
6.974080011310489213e-02
7.021173648910952747e-02
7.065567452800045056e-02
7.108667066611810970e-02
7.157767937135568748e-02
7.204345401841116825e-02
7.243259414819171182e-02
7.283311681006918170e-02
7.329811730003779613e-02
7.372297366504974858e-02
7.416532755742467897e-02
7.453256029780114256e-02
7.495956133448258840e-02
7.533317852116060143e-02
7.572041241401482325e-02
7.607066874998164030e-02
7.639858779387218024e-02
7.678168116937207632e-02
7.716515287251361765e-02
7.752283388224512350e-02
7.783675992353751572e-02
7.805031060625350348e-02
7.840859877856294624e-02
7.873255950645884071e-02
7.902357707958072852e-02
7.933270055664271014e-02
7.955991996953397372e-02
7.984079614208629272e-02
8.012736737763354045e-02
8.036757543841414886e-02
8.063905732504016155e-02
8.084539172583299349e-02
8.108990172825834841e-02
8.132517967945014636e-02
8.154860124863355653e-02
8.175783081347340331e-02
8.196996852568709524e-02
8.209224100394983681e-02
8.231219294862399116e-02
8.246375111024215054e-02
8.264796865881272880e-02
8.281125618467828631e-02
8.297722393010283082e-02
8.311127023090511545e-02
8.324924250968263051e-02
8.335486902120431418e-02
8.348273583267636078e-02
8.361468407285208015e-02
8.374414725463946718e-02
8.382842727824310614e-02
8.388757368844589057e-02
8.401323127071536057e-02
8.407897809930536814e-02
8.415715024472629480e-02
8.418674465378653271e-02
8.427954530173924208e-02
8.432377085126495364e-02
8.436625573785544452e-02
8.439993584301942742e-02
8.446687360506313635e-02
8.446709651062545010e-02
8.445711356602315922e-02
8.446295914239097813e-02
8.442876762204576391e-02
8.443295326797192746e-02
8.439885841356999097e-02
8.439366972679641921e-02
8.440622131571730302e-02
8.432299791542548217e-02
8.435025622325817429e-02
8.424124983611332163e-02
8.418231969309644680e-02
8.415433131583120729e-02
8.404130223419090107e-02
8.396471417521260416e-02
8.384042666180868686e-02
8.380759992436533079e-02
8.374906566974368860e-02
8.356434086946618045e-02
8.351736784974650440e-02
8.333101611234283723e-02
8.323565775683657020e-02
8.311532965480360191e-02
8.300503962515616563e-02
8.284495472640882041e-02
8.267534415341287746e-02
8.251099708082568207e-02
8.227815263777026045e-02
8.218880733798943072e-02
8.198489068294485815e-02
8.179567369153301071e-02
8.157167019137694097e-02
8.137909256252583157e-02
8.117256764319921714e-02
8.094865975469396624e-02
