-1.359947145544302056e-04
-1.646578865849215997e-04
-1.788624226638878669e-04
-1.785526817106932471e-04
-2.109003966050005264e-04
-2.254135885592287701e-04
-2.512581939632448514e-04
-2.435436356114769533e-04
-2.798120235097051388e-04
-3.150726300989181456e-04
-3.596440058040981428e-04
-3.219496692125490677e-04
-3.476371375047131065e-04
-3.645559726226138726e-04
-4.120465707388116313e-04
-4.148581144233019877e-04
-4.486635456235898989e-04
-4.622841381021869475e-04
-4.358472653354360802e-04
-4.512233242578288662e-04
-4.908298952664298101e-04
-5.098344824197142272e-04
-5.077655577629522268e-04
-5.612797373982501316e-04
-6.212143562717084566e-04
-6.056626855039504544e-04
-6.452629178641221264e-04
-6.416005334168523380e-04
-7.024230262541479239e-04
-7.239222873208798689e-04
-7.236335427721197859e-04
-7.744190075181180046e-04
-8.007152165882613437e-04
-8.276344768033238718e-04
-8.335085222014154130e-04
-8.386854487669217735e-04
-8.758885990697068327e-04
-8.862002999867351792e-04
-8.960765898817761197e-04
-9.466731367308016832e-04
-9.463056251658934865e-04
-9.570749604747993359e-04
-9.602639255681832313e-04
-1.051369528521971979e-03
-1.062254507538487906e-03
-1.101525949008198314e-03
-1.135719664986690157e-03
-1.119326621338697205e-03
-1.091959202549553504e-03
-1.187207091253860390e-03
-1.253471874383060890e-03
-1.276659110964134449e-03
-1.263183222613865680e-03
-1.246151710164921473e-03
-1.287432931552274801e-03
-1.316061056675304737e-03
-1.330329052382722829e-03
-1.320136838065858647e-03
-1.378202211804126784e-03
-1.372334908430835991e-03
-1.443785039059653028e-03
-1.439638934556172062e-03
-1.401191732065783842e-03
-1.406634547554288074e-03
-1.436258369034020075e-03
-1.510815708711814049e-03
-1.558146393681949940e-03
-1.540948287696812654e-03
-1.576787018969696324e-03
-1.553178635351669390e-03
-1.572611403466347589e-03
-1.627470942331654766e-03
-1.696718998155957898e-03
-1.683185758550865370e-03
-1.686991357385280105e-03
-1.724460135689455907e-03
-1.741692820090470772e-03
-1.715513894935475226e-03
-1.704333098264643100e-03
-1.750518796803356321e-03
-1.773697116906452478e-03
-1.770608109481422747e-03
-1.814801588991315140e-03
-1.857221893128398540e-03
-1.858940385355931958e-03
-1.872849651867788045e-03
-1.907917093542573070e-03
-1.919356376313773429e-03
-1.896775669872466374e-03
-1.885372341227237398e-03
-1.937667187640413962e-03
-1.983266279364534999e-03
-2.010016049794212476e-03
-1.978153290347923077e-03
-2.003502628041880541e-03
-2.006534764095228851e-03
-2.010154995801682540e-03
-2.074075453734119164e-03
-2.077535351999055483e-03
-2.047262528781917772e-03
-2.041869162744421214e-03
-2.111664787012751485e-03
-2.111573093937664340e-03
-2.081585719961402074e-03
-2.120323409025674788e-03
-2.184026025284727807e-03
-2.164590943877426395e-03
-2.155256468932544630e-03
-2.123974031555825488e-03
-2.153224833952973542e-03
-2.142522080830800823e-03
-2.184085732589120116e-03
-2.177886474129639600e-03
-2.145003586957119988e-03
-2.180835431279157677e-03
-2.155501834970521315e-03
-2.166839776216627263e-03
-2.235459178751066003e-03
-2.192350415909692565e-03
-2.136468429655082220e-03
-2.212446880093516585e-03
-2.183269867511572829e-03
-2.168876830424138879e-03
-2.208754697239307795e-03
-2.182311805182803825e-03
-2.140891814718586666e-03
-2.147605355900248422e-03
-2.160161872582248063e-03
-2.136880121602212530e-03
-2.077820490233447774e-03
-2.093769769685294765e-03
-2.066180622673637404e-03
-2.049309552868698332e-03
-2.066839889902059163e-03
-2.034294461007480747e-03
-2.047345865339710805e-03
-2.024115648168646302e-03
-1.982580670217634275e-03
-1.943550795652257239e-03
-1.943199793398520765e-03
-1.937981862088521525e-03
-1.919513558115745321e-03
-1.916815042986560590e-03
-1.869107573811778318e-03
-1.854289721486026806e-03
-1.850228502379775136e-03
-1.826506395218260121e-03
-1.771957137328497751e-03
-1.752853607069320124e-03
-1.772729553531772299e-03
-1.712025551663709337e-03
-1.748946412017771384e-03
-1.697040621775156022e-03
-1.650415231231022956e-03
-1.666624834507909620e-03
-1.642217839882577834e-03
-1.639043603596697981e-03
-1.578203415520923469e-03
-1.568126209679866767e-03
-1.540615471875951461e-03
-1.500305197957577368e-03
-1.483917540583040099e-03
-1.480040565297219149e-03
-1.451660594185774818e-03
-1.417743167858098686e-03
-1.418690555525087748e-03
-1.418824718416419623e-03
-1.349872322593025867e-03
-1.328415868899548557e-03
-1.327651490184871864e-03
-1.308660045530502880e-03
-1.293784385168101920e-03
-1.272887227657376998e-03
-1.274977489145928461e-03
-1.255606486623093640e-03
-1.192591801341455655e-03
-1.217508684689246447e-03
-1.170258610240861290e-03
-1.123811902152701235e-03
-1.123213366472807905e-03
-1.129950503544245805e-03
-1.014231995605344248e-03
-1.049911267864016501e-03
-1.012004083732795595e-03
-1.024525230476932983e-03
-9.818420419699740685e-04
-9.804770874352562986e-04
-9.317405265788100905e-04
-8.973645588840595787e-04
-9.055439535995777472e-04
-9.226481612215483522e-04
-8.997028988722908897e-04
-8.154207536411883783e-04
-8.473128954477644617e-04
-8.053663514245102198e-04
-7.817327769512551119e-04
-7.496242657991289676e-04
-6.906204403518832920e-04
-6.775873687125578840e-04
-7.565125848345770170e-04
-7.237759719706548557e-04
-6.277810041010508778e-04
-5.861965449151483598e-04
-6.050032024631289522e-04
-5.685761515496458784e-04
-5.677356040780627295e-04
-4.877335314250228707e-04
-4.897710705706656955e-04
-4.341591137224046367e-04
-3.527370977467769210e-04
-3.384948274668479187e-04
-3.733723906294189100e-04
-3.751867754105618321e-04
-3.453519232382637602e-04
-2.675429034670503666e-04
-2.877307579071104824e-04
-2.326278080647246785e-04
-2.248550175550010331e-04
-1.778889278200420569e-04
-1.798300723443421777e-04
-1.375081814731225793e-04
-1.007422246789870093e-04
-1.075996439537182275e-04
-4.666330791383913723e-05
4.850770447780299889e-05
-7.199808007253243381e-06
1.583284125977732479e-05
2.887296656675873019e-05
8.002240603273181067e-05
9.168560527144400908e-05
1.138548468408530411e-04
8.168708702896634183e-05
1.443113066645661854e-04
1.664834401174993146e-04
1.878534259919923375e-04
2.473542661763758932e-04
2.289091348982695161e-04
2.933819412946830972e-04
2.793259010511859480e-04
3.096879227526881748e-04
3.771854174840201610e-04
3.419106163281231516e-04
3.453397636174884234e-04
4.341701961000286295e-04
4.014385203527969848e-04
4.127935824408083686e-04
3.568204939618642934e-04
4.394984706853464649e-04
4.612004712923845019e-04
5.245540344341107202e-04
5.060326955223249648e-04
5.368528584853861753e-04
5.068352896516546257e-04
5.519858043134701639e-04
5.570638834459861822e-04
5.671100845760963533e-04
5.792611047177416081e-04
5.806446720835518492e-04
6.195212266274180511e-04
6.037760106441569840e-04
6.351466068773755627e-04
6.561608222744913683e-04
5.870535627637489366e-04
6.202136492667034359e-04
6.164473178133019361e-04
6.064788056491920293e-04
5.843670523751066633e-04
6.127567005429339917e-04
6.299802142690104486e-04
6.469734922754264914e-04
6.428305370811930467e-04
5.879160792687448478e-04
6.041777978078617791e-04
5.693817463955112498e-04
5.668081155293978142e-04
6.006123705156019661e-04
5.861980427130286577e-04
5.386306293125108597e-04
5.248519987255427033e-04
5.089450082364239264e-04
5.018370595363803692e-04
5.413055736949336358e-04
5.096555663244878732e-04
4.890587672079684933e-04
4.631261300974572862e-04
4.531753742269255952e-04
4.538661045605769744e-04
5.073016350613246406e-04
4.835817785676103562e-04
4.136140910073539704e-04
3.571688879478945671e-04
3.429828400904788208e-04
3.715858749830042509e-04
3.843084661577598885e-04
3.850763322174186520e-04
3.419510508885737431e-04
3.291903744842443794e-04
3.036745454090602342e-04
3.141612840053925300e-04
3.056160070125977330e-04
2.716492620515063090e-04
2.698324249024057551e-04
2.074031600035781964e-04
1.687524245480902187e-04
1.843260451679283813e-04
1.755386902596914854e-04
1.501712668940264337e-04
1.698946884626570245e-04
1.485366008735704117e-04
9.219373112746819530e-05
8.960513855765737923e-05
9.432321752618277400e-05
7.621672747856488613e-05
5.306466324475928330e-05
1.240407460836895545e-05
5.656319599950489555e-05
8.612658945828428055e-07
-8.035290133216371663e-06
-6.302079274384069483e-05
-7.176966235048341694e-05
-1.033748548085158716e-04
-9.804482389633455055e-05
-1.097998353454391257e-04
-1.041650978630306163e-04
-1.307987944391780745e-04
-1.290232978735267354e-04
-1.265030758698376255e-04
-2.035663702392866527e-04
-2.175195178041535067e-04
-1.936594222739381984e-04
-1.789013371018367067e-04
-2.321988423235974840e-04
-2.107451056696843766e-04
-2.239753321703262480e-04
-2.693141021513091029e-04
-2.348500974805933837e-04
-2.893711980470819534e-04
-3.031166235265287789e-04
-3.223259614495452372e-04
-3.378923963168610663e-04
-3.216062290111148646e-04
-2.985876599354022839e-04
-3.400686621903010304e-04
-3.206419248111766766e-04
-3.654185240086977107e-04
-3.512325173560710027e-04
-3.370721631385626099e-04
-3.627280545623339674e-04
-4.430171258567002553e-04
-4.262385856940496365e-04
-4.593867012984483456e-04
-4.973720585148867779e-04
-4.550582407909973767e-04
-4.637671703598341159e-04
-4.955744755609710643e-04
-5.117809984528413295e-04
-4.992783222065757913e-04
-5.195225212678703571e-04
-5.499453153850104598e-04
-5.337994565446388482e-04
-5.821912706985796779e-04
-5.671354545835440627e-04
-5.773476319184162216e-04
-6.271337616009930874e-04
-6.844396931951920136e-04
-7.208467267756993313e-04
-7.203004729523043801e-04
-6.710133338579288590e-04
-7.026989654055132081e-04
-7.691904870453540252e-04
-7.526874903428416733e-04
-7.939175019333350597e-04
-8.433453993274700813e-04
-7.925425316757036013e-04
-8.524406349848408487e-04
-9.105360559315496321e-04
-8.848724066841054262e-04
-9.077209287262146290e-04
-9.558967079228094816e-04
-9.279218303575368070e-04
-9.401579751447179624e-04
-9.475392570300599513e-04
-1.026323387268671334e-03
-1.023584743197620108e-03
-1.074233030196163454e-03
-1.057050299394595621e-03
-1.051269018875710748e-03
-1.063301272713515835e-03
-1.116022244616864025e-03
-1.098079118816991471e-03
-1.100697144353685129e-03
-1.142528054168174580e-03
-1.137136621582987735e-03
-1.163237830926124473e-03
-1.198403378031120958e-03
-1.211691208882439757e-03
-1.184903941929766778e-03
-1.222043172598386886e-03
-1.240640891398883412e-03
-1.187010185109338726e-03
-1.240448476528265313e-03
-1.213024857059896624e-03
-1.274806462944766796e-03
-1.232947847871781978e-03
-1.257475845835911814e-03
-1.233900157985673169e-03
-1.253800682030507601e-03
-1.261370261463779169e-03
-1.256271392816383364e-03
-1.290086151911924196e-03
-1.286817301690548624e-03
-1.303746916364062697e-03
-1.272199504370078805e-03
-1.243118496743775324e-03
-1.263772197142923543e-03
-1.256914395235243873e-03
-1.237237180113725556e-03
-1.280080128267768215e-03
-1.250484572267196145e-03
-1.208172089377325615e-03
-1.222301008305605409e-03
-1.250329277780696993e-03
-1.210156634980846758e-03
-1.162858390052098163e-03
-1.164989764330502924e-03
-1.185980104103407642e-03
-1.169793604063258967e-03
-1.189765222007935219e-03
-1.163651419167794580e-03
-1.112013086555171688e-03
-1.088437361793607918e-03
-1.087566183116978058e-03
-1.080462776134616344e-03
-1.066484561957755858e-03
-1.057736052412433427e-03
-1.021401636058870627e-03
-9.743524232424182700e-04
-9.568528768557071906e-04
-9.448294888752578786e-04
-9.531328237373470859e-04
-9.294720780903211908e-04
-9.193095114309995366e-04
-9.357076152356520607e-04
-8.929758643334314953e-04
-8.720571813689805734e-04
-8.570666320827423443e-04
-7.904811868233716562e-04
-7.806376030594506165e-04
-7.262899486118420435e-04
-7.457275333738267245e-04
-7.254002255933406258e-04
-6.679052982326969977e-04
-6.522944508381360151e-04
-6.143558185425512536e-04
-6.236389334578518488e-04
-6.187106685407275149e-04
-6.247852275003800684e-04
-5.629446831357714847e-04
-4.957520097360681999e-04
-4.972860930644319158e-04
-4.644530848803527260e-04
-4.679740004362807474e-04
-4.777504892065819126e-04
-4.638443873946168053e-04
-4.021264400396493501e-04
-3.443452895061031426e-04
-2.775788817818074065e-04
-3.195830543377375086e-04
-2.594506648591932987e-04
-2.297599763213409459e-04
-2.122264521061121342e-04
-2.170342824351734299e-04
-1.708252313520697632e-04
-1.000833136383183166e-04
-1.143221936767382696e-04
-9.280853213350641773e-05
-5.210896599138003604e-05
-5.036441997520340507e-05
9.819803786985995857e-06
3.793427556108468560e-05
3.188444060855214770e-05
1.083897231310705352e-04
1.013165016594311897e-04
1.364188933276210989e-04
1.164968820319855396e-04
1.044676712622147867e-04
1.858448627715005420e-04
2.590210985441638355e-04
3.182314863474993111e-04
2.695344617345152446e-04
2.806346962800090016e-04
3.156439956436531353e-04
3.570686188864464756e-04
3.921913884858743422e-04
3.910288930220358469e-04
4.300241990260098533e-04
4.501526822393372312e-04
4.684809233041490250e-04
4.742383140275248312e-04
5.098501163693416318e-04
5.229860258280670310e-04
5.377329761951809726e-04
5.267157957073017802e-04
6.165794125320080317e-04
6.513774732714192007e-04
6.967347396600316427e-04
6.921367800709165956e-04
7.600854296221103189e-04
7.100124143489173643e-04
7.818218931849607069e-04
7.789693261129027567e-04
7.806062548802454766e-04
8.471914734622799752e-04
8.541477559657196898e-04
9.111932067275730230e-04
9.310044983040604823e-04
9.480230955708666366e-04
9.423653813461318855e-04
1.019027595983915688e-03
1.053155373130375836e-03
1.087923697661920827e-03
1.101040450969324345e-03
1.151482122019180029e-03
1.199021001998671395e-03
1.245875688854470014e-03
1.250644174789558669e-03
1.298536565537096194e-03
1.309933054417549130e-03
1.376505774190921313e-03
1.397049702523647579e-03
1.403303626506804394e-03
1.429617853294307605e-03
1.484369096970094204e-03
1.521017908778583144e-03
1.538979902212767167e-03
1.556093698448712858e-03
1.590562262239549962e-03
1.644193865268634694e-03
1.675067282914719782e-03
1.671827709749429012e-03
1.707596963621824289e-03
1.759077757948808917e-03
1.794207005474605715e-03
1.836615085761876109e-03
1.877457946012474647e-03
1.873095983121295712e-03
1.864899049454124113e-03
1.926127765673077592e-03
1.997455406627988636e-03
1.989498698017794307e-03
1.993776218114591114e-03
2.050519425392182196e-03
2.054408301105424637e-03
2.105490884209571239e-03
2.176257928213266250e-03
2.184660985957500700e-03
2.142484524140173593e-03
2.185889532314802802e-03
2.196285254229036338e-03
2.232453467202209340e-03
2.286037923399141750e-03
2.247059833632759213e-03
2.332393660285673239e-03
2.273539733207479308e-03
2.314658754737941235e-03
2.376023528582004232e-03
2.396427211243705273e-03
2.383558313739758596e-03
2.417014738084696975e-03
2.448322284737516723e-03
2.491047549452904322e-03
2.502743524373403621e-03
2.512920621819454518e-03
2.498234973111941939e-03
2.550796930930612685e-03
2.559482339927842895e-03
2.569531024324184492e-03
2.618784198843085095e-03
2.677886795961816838e-03
2.662809015833868427e-03
2.720595329688418190e-03
2.677730553926076142e-03
2.720445435978812235e-03
2.723781366375948882e-03
2.772671201112421411e-03
2.778514499802123023e-03
2.798753343784449003e-03
2.854213445687959604e-03
2.835834314816955675e-03
2.845039375087181095e-03
2.862209721630872786e-03
2.869305141943727117e-03
2.911825475593572601e-03
2.910155781792980820e-03
2.973626275868899820e-03
2.965637448862439539e-03
3.013756437243218442e-03
3.030970258641070385e-03
3.031656042701094591e-03
3.075368583265054509e-03
3.139845135619684369e-03
3.114885832517955144e-03
3.109590850434273968e-03
3.103739633020235512e-03
3.117283272461818504e-03
3.153173455901566932e-03
3.172069210589992510e-03
3.222990059233521963e-03
3.218501145756775487e-03
3.233216589513667610e-03
3.234489926490333785e-03
3.236313977665172554e-03
3.225856840635103664e-03
3.292755952594272201e-03
3.322586014846883040e-03
3.339586825722230898e-03
3.289334711353587674e-03
3.373314373306813933e-03
3.338299569252248505e-03
3.359459646015411274e-03
3.411240015718818887e-03
3.425741294744274502e-03
3.434561071888604482e-03
3.438285034105869296e-03
3.447552420573531725e-03
3.495506948607444552e-03
3.481523335724298444e-03
3.462887116263523111e-03
3.488241128441075482e-03
3.492357747482596406e-03
3.519833372335878265e-03
3.559130646795827160e-03
3.609270502919518456e-03
3.552439201468023371e-03
3.574993743482567012e-03
3.609752951549571268e-03
3.598604944082164480e-03
3.645647828216284306e-03
3.667537962329170138e-03
3.656226002110973122e-03
3.689221745833129104e-03
3.675001373186481072e-03
3.709865119138460073e-03
3.740477353012832372e-03
3.777563666605047912e-03
3.761711765799336318e-03
3.767474654337472049e-03
3.789102319833425724e-03
3.795370273042755239e-03
3.787811580299435110e-03
3.846602639159783874e-03
3.852308833304088527e-03
3.807832783264933092e-03
3.810227591000279329e-03
3.863817126213832647e-03
3.947727735494776027e-03
3.915103461096679574e-03
3.934915270726014290e-03
3.942889167987696439e-03
3.888795927754450099e-03
3.919907602591869884e-03
3.915182386648602582e-03
3.971214394283448593e-03
3.934870967043337803e-03
3.925365918434160425e-03
3.972883629938360125e-03
3.977716283235273841e-03
3.989226388764885098e-03
3.981812102051901156e-03
3.987908593214506241e-03
3.989905870184023116e-03
3.969712725162370497e-03
3.970680163066431755e-03
4.006191093384060126e-03
4.045163030083993513e-03
4.030449390784528185e-03
4.036042952881552411e-03
4.017922022410185846e-03
4.012969094926099878e-03
4.015519985152224934e-03
4.058187489227561666e-03
4.056590385519020028e-03
4.015362272705100440e-03
4.027580090740303514e-03
4.042554280181543183e-03
4.036741777217844711e-03
4.065440075224461235e-03
4.018755987954924190e-03
4.082067298797334952e-03
4.085813702095088436e-03
4.106093940949771121e-03
4.090824321564630675e-03
4.106557045171559464e-03
4.095374799423577399e-03
4.088801193963379627e-03
4.144928727260253735e-03
4.109400855038059484e-03
4.120924759771356707e-03
4.154878436873655177e-03
4.131471355737273247e-03
4.170632076438854884e-03
4.220141005177082891e-03
4.213246045836057524e-03
4.215899505539608821e-03
4.222787716912125566e-03
4.232594792499396949e-03
4.272978357744072406e-03
4.253951581521745427e-03
4.269816335126659992e-03
4.294327771781033740e-03
4.322545506726695880e-03
4.292549269909462506e-03
4.288236043276996527e-03
4.332650291732137102e-03
4.321353234118267307e-03
4.333186865306003221e-03
4.359264441055193950e-03
4.422515959488123628e-03
4.409881034420671218e-03
4.413405252596190077e-03
4.364217230578945790e-03
4.408591143240109776e-03
4.440726429870125481e-03
4.431854314250690402e-03
4.440652365291954465e-03
4.492545585029526257e-03
4.487036820578850331e-03
4.477130427921441509e-03
4.480258187409011904e-03
4.556495895906269994e-03
4.549143778671567613e-03
4.535603691179979600e-03
4.542986742222952096e-03
4.574429971629180407e-03
4.527134182058132825e-03
4.535037357612870315e-03
4.554719037250080232e-03
4.608606766410982755e-03
4.624637921447242311e-03
4.618939773425773804e-03
4.592337452764949819e-03
4.635899666142070941e-03
4.579969951017917769e-03
4.572233984882460509e-03
4.621942708098639163e-03
4.626095790712803600e-03
4.642940182678243974e-03
4.592748887640850375e-03
4.604695808356888166e-03
4.604146032100813260e-03
4.670094384073822727e-03
4.612451496856981824e-03
4.582391109180483126e-03
4.617243521339387501e-03
4.608409320447542576e-03
4.613598885103035140e-03
4.582340916633347201e-03
4.589394853207992217e-03
4.609161159118834068e-03
4.642004580032475097e-03
4.597711751911829660e-03
4.562499426318592649e-03
4.577306551293631141e-03
4.557695725622433296e-03
4.574096120620793453e-03
4.574399544128562346e-03
4.583770575456828922e-03
4.510716993915207633e-03
4.605727498270077540e-03
4.498378745150524542e-03
4.508039840105241593e-03
4.515007957012119426e-03
4.528445903218241385e-03
4.531524212181186999e-03
4.496739973767485514e-03
4.564585617910167821e-03
4.544857013198701917e-03
4.489639621187930217e-03
4.547676756148815932e-03
4.540348267866978205e-03
4.514654319622178440e-03
4.546478465897088768e-03
4.521782043665402255e-03
4.548591442302719022e-03
4.536688925321072895e-03
4.585759134456730488e-03
4.539973088288858961e-03
4.523588325645470920e-03
4.524446126925323226e-03
4.544838300328705311e-03
4.568849541246936853e-03
4.567733237917461810e-03
4.526406461114985784e-03
4.520187447945537597e-03
4.571521567008507252e-03
4.553962690433295546e-03
4.571100881235661516e-03
4.534979273014881282e-03
4.572490158185235978e-03
4.590657826959415599e-03
4.574569532068721231e-03
4.569599360860685661e-03
4.622441156215125607e-03
4.518434018172951851e-03
4.563911594557881583e-03
4.609160074680770415e-03
4.570392394337829262e-03
4.583560684789185838e-03
4.571105434765555808e-03
4.629178158056313115e-03
4.664436931648144151e-03
4.567009814614778757e-03
4.629769582591826069e-03
4.591552269229156810e-03
4.653793791968417748e-03
4.688721481081454916e-03
4.644960275213752890e-03
4.630810156794063805e-03
4.643721390734948697e-03
4.652179409347391263e-03
4.664308085515275239e-03
4.708730977410459373e-03
4.691235043746248140e-03
4.690132173181467065e-03
4.699267071707677150e-03
4.717391877631923330e-03
4.733766272291714712e-03
4.723515612895236478e-03
4.697182119484527574e-03
4.738954669781130814e-03
4.762237112822559348e-03
4.766613532653630678e-03
4.790755376446407740e-03
4.768263180010858665e-03
4.784353495711621794e-03
4.816986499931550682e-03
4.788167631316402224e-03
4.783014264805734994e-03
4.826551580068601764e-03
4.796145505382193482e-03
4.832156060275055558e-03
4.838910791122836598e-03
4.838375436645094008e-03
4.838801077313685181e-03
4.875007805858502970e-03
4.880927041449646848e-03
4.891227532228049554e-03
4.889369806521035033e-03
4.915770393512338028e-03
4.921610370963492437e-03
4.912887846918654461e-03
4.943314327060039509e-03
4.930601935074111625e-03
4.940738134672607342e-03
4.948694374347442811e-03
4.968338731428828189e-03
4.938886576078843453e-03
5.030684192213130505e-03
5.041621185707077790e-03
5.018223772689365224e-03
5.041725685534166265e-03
5.020364157292979239e-03
5.008906171482321867e-03
5.035669974078490173e-03
5.050941527704875221e-03
5.072882419750706327e-03
5.082955595034788915e-03
5.105819210623224746e-03
5.099501207980378786e-03
5.101641600232871727e-03
5.162926814599097351e-03
5.132683674884588182e-03
5.145373377831435370e-03
5.147722683156693950e-03
5.213958421669238896e-03
5.195057223815905366e-03
5.224172660988049034e-03
5.258028155923588805e-03
5.301744053356672107e-03
5.267191105841547392e-03
5.277132838354616981e-03
5.357382816209338774e-03
5.356297552185035858e-03
5.385747114475891197e-03
5.387568492473013455e-03
5.400835983109144971e-03
5.451393088845135800e-03
5.465524175969647958e-03
5.511471820014953067e-03
5.513191899995912616e-03
5.591808222500737648e-03
5.586732043158810362e-03
5.618497185690824770e-03
5.683127857018319649e-03
5.666286208286062422e-03
5.723910678935487280e-03
5.761832581858849014e-03
5.811803046753706743e-03
5.832585422296345835e-03
5.879285504792062036e-03
5.889655269141439754e-03
5.976713873878459864e-03
5.973316537587908433e-03
6.054540630105626278e-03
6.045755081943421545e-03
6.088948691163238031e-03
6.183807711804423929e-03
6.183713773083289629e-03
6.306206100838531933e-03
6.328990095752426437e-03
6.373303701778446420e-03
6.421171077067892689e-03
6.512265423595398929e-03
6.532952712901636018e-03
6.618599215265969296e-03
6.671892495249591784e-03
6.699336903486245200e-03
6.825463430429582097e-03
6.845522419914408518e-03
6.850909291574052741e-03
6.936651360084546657e-03
7.030170815630008493e-03
7.086102603466330231e-03
7.126094185476350776e-03
7.207393855388344664e-03
7.263324785130825627e-03
7.304835740378406127e-03
7.397769977840571755e-03
7.452458376606910934e-03
7.531845857215573384e-03
7.607942213013568072e-03
7.643090085812391000e-03
7.712412811258276789e-03
7.852997568263209507e-03
7.877353102917096853e-03
7.945300072173144823e-03
8.003140460024316116e-03
8.083997704388978453e-03
8.185238353270989781e-03
8.302631497888405404e-03
8.339139749843406738e-03
8.393861230097606624e-03
8.508992174478292869e-03
8.632716874281179051e-03
8.712348435722253384e-03
8.763058907786988594e-03
8.829995789237536641e-03
8.878196995170577546e-03
8.966216800255392277e-03
9.139075966918090710e-03
9.211132921685811353e-03
9.295975005604920766e-03
9.394016518102810478e-03
9.448201788132073314e-03
9.522880084122390537e-03
9.617919791972328811e-03
9.686602906235712226e-03
9.796735666773357873e-03
9.933362778487005162e-03
1.000966135471730196e-02
1.009208653882047793e-02
1.023115476474479105e-02
1.029013340953022909e-02
1.044728093418024160e-02
1.050716979677441924e-02
1.061150357461339115e-02
1.073234996628841774e-02
1.084877310146791472e-02
1.093882237559106949e-02
1.103479795916636683e-02
1.115082936884569803e-02
1.125751320610313827e-02
1.138382062271502300e-02
1.148194060391627760e-02
1.164369603246542643e-02
1.173976723071275610e-02
1.182390947876858257e-02
1.193356027511797979e-02
1.209347188617026884e-02
1.217499689556965532e-02
1.223348050532452498e-02
1.239262471906707810e-02
1.253018061057126903e-02
1.269116977880420209e-02
1.277609657039987905e-02
1.288613887766543696e-02
1.303832441153902899e-02
1.317878038285547233e-02
1.330782128267053201e-02
1.346502703180883949e-02
1.365776036153841695e-02
1.373569006046350405e-02
1.388832370502495091e-02
1.401031209220849998e-02
1.415210917533941438e-02
1.429562089775038812e-02
1.444891911219405890e-02
1.461519656174640504e-02
1.474172294634120729e-02
1.489295103634412712e-02
1.504163196569260029e-02
1.520183697673227301e-02
1.534740881736953999e-02
1.549158941244487865e-02
1.565881840169020336e-02
1.583854169533274042e-02
1.600586972253768142e-02
1.612683746765938148e-02
1.625035245708444237e-02
1.644036650518446857e-02
1.663139206807297613e-02
1.676466334386949447e-02
1.693869527962772389e-02
1.713567779262557128e-02
1.726645986459874466e-02
1.740980646056943665e-02
1.755605125902212280e-02
1.772144185973316757e-02
1.793842834755535187e-02
1.810487222736217178e-02
1.827287833315652948e-02
1.844502762923236339e-02
1.863890256929784731e-02
1.876952616628548703e-02
1.890673286165807029e-02
1.913928708692502062e-02
1.928217423080536008e-02
1.940946594774584089e-02
1.960046406443366127e-02
1.981136637529166272e-02
1.993062556538806318e-02
2.013176390032859683e-02
2.034025675388064294e-02
2.047176122054716538e-02
2.059017188173578247e-02
2.083496775129016834e-02
2.098656049706127194e-02
2.115181052291456934e-02
2.135713868971246890e-02
2.147545662597506386e-02
2.167071178556379332e-02
2.181656758405439364e-02
2.199394835447383151e-02
2.216129441125126026e-02
2.228439563093698172e-02
2.244738885747231058e-02
2.264578856641849200e-02
2.287693947295771357e-02
2.300603685309871721e-02
2.314712953903864945e-02
2.330907860951186156e-02
2.346561467301583673e-02
2.361604337532887538e-02
2.378791097198966822e-02
2.396675267374789864e-02
2.413444209471381219e-02
2.429930604211368028e-02
2.442663981221209965e-02
2.458402670485410405e-02
2.467648721279662796e-02
2.489528487223691827e-02
2.504125769814962224e-02
2.523612422440724840e-02
2.540389130782152310e-02
2.547597850945777440e-02
2.562839283078373678e-02
2.569684791548174779e-02
2.587464401366345798e-02
2.600237867167222786e-02
2.608477158087581932e-02
2.628128540181721984e-02
2.639474179769012163e-02
2.650917725694813126e-02
2.661593135538448465e-02
2.669624256318673533e-02
2.682225056969078647e-02
2.692613799351859308e-02
2.704545738606945610e-02
2.711156943870310018e-02
2.725383478946507426e-02
2.733940567523078166e-02
2.744132165391022921e-02
2.755656627927247776e-02
2.760727971189613078e-02
2.767289461698426919e-02
2.777494915776240747e-02
2.788011704724731657e-02
2.795969819478715673e-02
2.796570347869585874e-02
2.803482320688859344e-02
2.811047673499224298e-02
2.813615359331344060e-02
2.816090480913398600e-02
2.821315604983228031e-02
2.824218763457167145e-02
2.825572508009930803e-02
2.832288100730935218e-02
2.830873631791568090e-02
2.838404611141085929e-02
2.841640762214533295e-02
2.844287797822826411e-02
2.846451324101068395e-02
2.845094707793480518e-02
2.840770005408553220e-02
2.843212629721121598e-02
2.843528135395392495e-02
2.842070527562901364e-02
2.835162828637667609e-02
2.834367124287514791e-02
2.832303537864815091e-02
2.828189154212911241e-02
2.820916363871248805e-02
2.817264130935162939e-02
2.812168234279619275e-02
2.808209281969400659e-02
2.800408715953739067e-02
2.792962263518362562e-02
2.788141666084630391e-02
2.776327558030496079e-02
2.765791990936384767e-02
2.760544235794762727e-02
2.747231748673825691e-02
2.736499177805332833e-02
2.728557926375694068e-02
2.720153578311721929e-02
2.705667955451938889e-02
2.695771234364024299e-02
2.680616131520572459e-02
2.664911803326953238e-02
2.650109718754394342e-02
2.632577241413916122e-02
2.617038569632807940e-02
2.602390725660683884e-02
2.586544469618055203e-02
2.565555616260857194e-02
2.548123994503275619e-02
2.529026928709909514e-02
2.507649223878723188e-02
2.488512376264971279e-02
2.473512489766050912e-02
2.447617508110450438e-02
2.428026145140267655e-02
2.410478449924533667e-02
2.381726396526909206e-02
2.359260334284791691e-02
2.338256497753073149e-02
2.314066941979068051e-02
2.287499060504883525e-02
2.260743537858946051e-02
2.231978160449469423e-02
2.205441554970867871e-02
2.174775137376699918e-02
2.152774665577529556e-02
2.125092035774335530e-02
2.090836321010167143e-02
2.069259453916472841e-02
2.037897322433029901e-02
2.007013789137358090e-02
1.974214967914805080e-02
1.943957699727471081e-02
1.917477487081517551e-02
1.879877556112343265e-02
1.851224562622578312e-02
1.818267015085218291e-02
1.786680845276089266e-02
1.745739770892645523e-02
1.720120703898416620e-02
1.680469598645053034e-02
1.647661032146498228e-02
1.614549378597446294e-02
1.577185132452371338e-02
1.540197747108984494e-02
1.506912029606366152e-02
1.465579555519449205e-02
1.430719999138878318e-02
1.393061144785638292e-02
1.361428153360474957e-02
1.324172992328449816e-02
1.284186416242161753e-02
1.248347775471510268e-02
1.208210690291781388e-02
1.171682547849763403e-02
1.130159453981677102e-02
1.090766450313610837e-02
1.052415051508607917e-02
1.009551889688808587e-02
9.751467142601808608e-03
9.327520635148273120e-03
8.928339564591528457e-03
8.542954892477173934e-03
8.176673828257425072e-03
7.795373014786759897e-03
7.341333394812199660e-03
6.948926632529260974e-03
6.578582300482362435e-03
6.181279029251891301e-03
5.759371015890040260e-03
5.372050688091125487e-03
4.980785520284203467e-03
4.592555382157105341e-03
4.133512019635392047e-03
3.740921336273859369e-03
3.383879306890183632e-03
2.976899786904253862e-03
2.522257242750449921e-03
2.125982591358949875e-03
1.744286669294328566e-03
1.359462736691223949e-03
9.439664205013026908e-04
5.635052988883595439e-04
1.016079176995238941e-04
-2.969278027370216553e-04
-6.731800861197389466e-04
-1.022012303338800136e-03
-1.468231628625868987e-03
-1.847388137652204677e-03
-2.242508552791858557e-03
-2.596154791394255940e-03
-2.986486534234092730e-03
-3.381482491286090259e-03
-3.728967457437937054e-03
-4.104636092728881913e-03
-4.478052870708844162e-03
-4.821309881037876520e-03
-5.204261057693657967e-03
-5.625146029325331365e-03
-5.938308664109086081e-03
-6.313615649809857684e-03
-6.622602815519159150e-03
-7.024296857172329829e-03
-7.402532256529236951e-03
-7.686965965250825913e-03
-7.984559908257389885e-03
-8.351876047521420224e-03
-8.659411390024794250e-03
-8.957804755545995326e-03
-9.304197198734228888e-03
-9.593093839530875827e-03
-9.882579384512993337e-03
-1.021133607241940175e-02
-1.051539792016132659e-02
-1.083156390704018320e-02
-1.102147249206668518e-02
-1.133704613193796396e-02
-1.165105169631058812e-02
-1.189094027408608284e-02
-1.214727241617295263e-02
-1.233385655933429137e-02
-1.265699566794409314e-02
-1.294810569089682901e-02
-1.315673747308713885e-02
-1.338475898154788644e-02
-1.355601535291564054e-02
-1.380099262715004868e-02
-1.402210784572777147e-02
-1.429122325779129052e-02
-1.447799080197800445e-02
-1.464589963060972458e-02
-1.486556293460897585e-02
-1.506507154409423080e-02
-1.522444091534902628e-02
-1.541968144515608666e-02
-1.553054615679687681e-02
-1.574315400583554264e-02
-1.586811472477447915e-02
-1.602119318743467150e-02
-1.616157925069348564e-02
-1.631342004173406274e-02
-1.640433789991154953e-02
-1.650565905813425674e-02
-1.669888988071592181e-02
-1.683108738608735111e-02
-1.694877488509681854e-02
-1.700582802137268895e-02
-1.708054006436379377e-02
-1.712073929983904882e-02
-1.723949349318943530e-02
-1.733810549850999319e-02
-1.740012088952523628e-02
-1.740286764013101659e-02
-1.748045432799315985e-02
-1.751043924050552092e-02
-1.750401419742156350e-02
-1.760781672172032075e-02
-1.762466830222695832e-02
-1.764909565903383798e-02
-1.764766336817733677e-02
-1.763397641464920645e-02
-1.765636279276350945e-02
-1.765469640925219907e-02
-1.756696358570473612e-02
-1.752567946321680406e-02
-1.749094437677496672e-02
-1.745507849941020304e-02
-1.743603073976009166e-02
-1.737579886733477824e-02
-1.734022555337047175e-02
-1.725968542096597766e-02
-1.721467777481460251e-02
-1.719223653804466054e-02
-1.705177789080194670e-02
-1.698696571548467815e-02
-1.686954228236930975e-02
-1.676522114578761144e-02
-1.669091820310956639e-02
-1.657535505790147523e-02
-1.644990123553902867e-02
-1.635741533759985447e-02
-1.627372105735229099e-02
-1.609913049738369642e-02
-1.596916419729366501e-02
-1.580059205604981976e-02
-1.563197180915115378e-02
-1.548562461070068785e-02
-1.534140681665774157e-02
-1.517381247168630293e-02
-1.500868502203451041e-02
-1.480908777008130284e-02
-1.467223266097457055e-02
-1.449421049355785474e-02
-1.428382937947002967e-02
-1.406396047341313543e-02
-1.390023141365369017e-02
-1.369681077053847874e-02
-1.345745848567043990e-02
-1.329712197989432916e-02
-1.307979621779042229e-02
-1.281682637790300221e-02
-1.261918325974768426e-02
-1.238175387952597864e-02
-1.212090754615457316e-02
-1.194638624207171144e-02
-1.164629191079765216e-02
-1.139109341146675100e-02
-1.120954127902598629e-02
-1.092383536350255251e-02
-1.065439586755745696e-02
-1.040254773030584688e-02
-1.019676268460426374e-02
-9.896992910243171057e-03
-9.680066237456421904e-03
-9.350450357894635536e-03
-9.039410098649317341e-03
-8.818934269196505860e-03
-8.494521039051265363e-03
-8.209656678204833510e-03
-7.893735444376248286e-03
-7.619291030840428559e-03
-7.418294280743694541e-03
-7.057833247886015002e-03
-6.708884323877140413e-03
-6.448924311966943573e-03
-6.167363973963327015e-03
-5.915523946505874334e-03
-5.558999498064948891e-03
-5.299997901550660383e-03
-5.002754272597816597e-03
-4.657732646455821530e-03
-4.400798424909727231e-03
-4.100502642977477477e-03
-3.783050521763382541e-03
-3.477647543113789996e-03
-3.211845635227023391e-03
-2.898787686089393523e-03
-2.601353164910116637e-03
-2.275018991832677799e-03
-1.988382056580681890e-03
-1.684850094776148190e-03
-1.358631154733755441e-03
-1.044443485485389671e-03
-7.227622854322600246e-04
-4.381986801409471378e-04
-2.110538191322838125e-04
6.309440778664770013e-05
4.037929077877070241e-04
7.140074897052808931e-04
1.017202288407807655e-03
1.262927720017667727e-03
1.616595861511481262e-03
1.833866142157638060e-03
2.133972040440469588e-03
2.449699346272381055e-03
2.663669890984272492e-03
2.932019692993363767e-03
3.245723443316484488e-03
3.535125359571068306e-03
3.781524156753173892e-03
4.031199335591077564e-03
4.310318991124518009e-03
4.557352609469964705e-03
4.767938486696834087e-03
5.019620148748431786e-03
5.278841631000514255e-03
5.522727839247087468e-03
5.671005960846305094e-03
5.892909242835715072e-03
6.208362392165704680e-03
6.360193117668360395e-03
6.623844256201364203e-03
6.793868186210890239e-03
7.011260088918894878e-03
7.205470573707049159e-03
7.437292973443743009e-03
7.630300535212513648e-03
7.794377799815048295e-03
7.988296187415536848e-03
8.182258818301020240e-03
8.401837827516696333e-03
8.540920112734126310e-03
8.688108839487888868e-03
8.784895522739253823e-03
8.961408208000402192e-03
9.078245133541435266e-03
9.276321560090491913e-03
9.324582357894118517e-03
9.505047584972014380e-03
9.680704689910042335e-03
9.835943658160822486e-03
9.910905615927495874e-03
1.003595897692812107e-02
1.017920365211331078e-02
1.024608053516080398e-02
1.037970133132611744e-02
1.047623238121840605e-02
1.055434309938410760e-02
1.061625992952836342e-02
1.068091705589522752e-02
1.074333609315981236e-02
1.082523831255317003e-02
1.088351923912162823e-02
1.094302135431239782e-02
1.104902777040939199e-02
1.106527686382103269e-02
1.114289069940728114e-02
1.111580835837764313e-02
1.118435591156637272e-02
1.119004765250483126e-02
1.117449413108883606e-02
1.122320289426182241e-02
1.122616499111994855e-02
1.123657355107980822e-02
1.117889468054276102e-02
1.123710022017047026e-02
1.122938123606902726e-02
1.118403320399078554e-02
1.115050833505057924e-02
1.109805022819842710e-02
1.110773896002281713e-02
1.109808000926809646e-02
1.104154510054881390e-02
1.099060529143536073e-02
1.093421440149295286e-02
1.086716116441864728e-02
1.081904016659456826e-02
1.077502388292037039e-02
1.071911910682702036e-02
1.059374963676701711e-02
1.051686425619444490e-02
1.045009566452001666e-02
1.030463084630732148e-02
1.018655241856012035e-02
1.006814323599091419e-02
9.989733558677089606e-03
9.882998538438953623e-03
9.785723151613748977e-03
9.674046856846193337e-03
9.540681932473532925e-03
9.407154333022178447e-03
9.267070928764683732e-03
9.113181599354074763e-03
9.003893920308850621e-03
8.841674329570463689e-03
8.622711951449830298e-03
8.492555813748336666e-03
8.356449509387365790e-03
8.228372168540713794e-03
8.036234515678017387e-03
7.873890196814925177e-03
7.689955090202916371e-03
7.513193893048681488e-03
7.347846072186827587e-03
7.088291592462504440e-03
6.895827057883174155e-03
6.756169003389374955e-03
6.563702776624468979e-03
6.344284762006539846e-03
6.075034467112022663e-03
5.896653320919808053e-03
5.706801510812173003e-03
5.500207630443222813e-03
5.270083695247138565e-03
4.996622028103183018e-03
4.816273999382853638e-03
4.561779420216385307e-03
4.330938214231846127e-03
4.127162627752236669e-03
3.830908913336666770e-03
3.630594153658597573e-03
3.394403931966530688e-03
3.179896744988754912e-03
2.853788019008653924e-03
2.612246044608296583e-03
2.321942153777428307e-03
2.093330999376632248e-03
1.829892956618562857e-03
1.573081804902526403e-03
1.328640816379929876e-03
1.033075028119120149e-03
7.768274324505136663e-04
5.362672398818031086e-04
2.848917511288787748e-04
-2.235185931216483095e-05
-3.087257500757899817e-04
-5.542510342001353077e-04
-8.522260602988992106e-04
-1.131174016351380084e-03
-1.374017025165225970e-03
-1.660887324032083714e-03
-1.963425284703666004e-03
-2.227945161735015844e-03
-2.477899697225765391e-03
-2.812073294943589520e-03
-3.073324366141573765e-03
-3.380280431356997694e-03
-3.603773545342943332e-03
-3.879253740055343003e-03
-4.167702912632955010e-03
-4.490072893490634244e-03
-4.710898747504012503e-03
-4.961357425228352970e-03
-5.270887248259957004e-03
-5.489162228088450592e-03
-5.795695310798601278e-03
-6.072109997339399448e-03
-6.304797022992606088e-03
-6.638153782690160883e-03
-6.847805309659744238e-03
-7.118190243807013574e-03
-7.409058100226383232e-03
-7.673814855151783743e-03
-7.881855645250691531e-03
-8.129348584985918863e-03
-8.396457028652326571e-03
-8.647134560685871760e-03
-8.887937773630821131e-03
-9.133155871335186735e-03
-9.415029018139491751e-03
-9.644353649313644125e-03
-9.852531126421138624e-03
-1.008447110996222446e-02
-1.029078660397822476e-02
-1.052723256204921541e-02
-1.077246878850652602e-02
-1.095980964968440614e-02
-1.119553792750620572e-02
-1.140740810091712271e-02
-1.165825903402251291e-02
-1.182363564764381605e-02
-1.200749176935824586e-02
-1.222677644930437318e-02
-1.239018021348447553e-02
-1.252870633502227785e-02
-1.276186229548236656e-02
-1.292615701576048035e-02
-1.315037518688888692e-02
-1.328775034833626183e-02
-1.346747050429273652e-02
-1.365881886144152714e-02
-1.379393335165319569e-02
-1.395208310565380742e-02
-1.411158037429599381e-02
-1.432681325242625078e-02
-1.446729031931170625e-02
-1.461474888387556161e-02
-1.474008717015314225e-02
-1.490663770128320027e-02
-1.502950744577279812e-02
-1.513722351236594307e-02
-1.523856637112872524e-02
-1.537913193013723881e-02
-1.550603825648793482e-02
-1.567391440707135986e-02
-1.574984671119040308e-02
-1.585695138434438378e-02
-1.597344730370860513e-02
-1.605648503230635085e-02
-1.618004247006301147e-02
-1.627630633301253849e-02
-1.642955339838447076e-02
-1.648091793896779358e-02
-1.654585553963166047e-02
-1.662395510163090784e-02
-1.667359453103329364e-02
-1.677789042128386560e-02
-1.686497686102811019e-02
-1.687019554942886107e-02
-1.692596203053731499e-02
-1.702193210099936863e-02
-1.708718093863601309e-02
-1.714058863724041842e-02
-1.720404374458987459e-02
-1.719136053036184747e-02
-1.724952339983715915e-02
-1.728166625012599045e-02
-1.730166989877546940e-02
-1.736441266219793111e-02
-1.731070911069665028e-02
-1.740461746495619577e-02
-1.737272724521880113e-02
-1.739067899736370867e-02
-1.738277461417938805e-02
-1.733408333385322991e-02
-1.735653355315029331e-02
-1.736931398615501956e-02
-1.738876220325833930e-02
-1.732880625186040274e-02
-1.731587742106886069e-02
-1.726840929859947693e-02
-1.728603150754959294e-02
-1.726762688466557463e-02
-1.715682755091677003e-02
-1.715689331891851604e-02
-1.707080472665707324e-02
-1.700159326595511444e-02
-1.700691274593232882e-02
-1.691066094782023299e-02
-1.687201223744656461e-02
-1.685994206969847545e-02
-1.677843089711474056e-02
-1.672475601190095279e-02
-1.662050810954594435e-02
-1.653861975784976651e-02
-1.648169540053262203e-02
-1.633090921381032817e-02
-1.628206770512959783e-02
-1.620167762947490042e-02
-1.608722418017019887e-02
-1.600633547807288337e-02
-1.592706319899828138e-02
-1.580391413335199141e-02
-1.567290378602228043e-02
-1.555134056142503003e-02
-1.549760761711600245e-02
-1.536417244164493302e-02
-1.523569055949069474e-02
-1.512533869051946485e-02
-1.500370191904503575e-02
-1.488279404145507849e-02
-1.470697307402129075e-02
-1.458901996442323393e-02
-1.444365714740134324e-02
-1.435087489330359733e-02
-1.416868596329018577e-02
-1.404787444290847044e-02
-1.385298360526867993e-02
-1.375692328819882841e-02
-1.354235934444091710e-02
-1.343512875605703052e-02
-1.324543891421724011e-02
-1.312638283408453822e-02
-1.299168877750725599e-02
-1.279718450761265988e-02
-1.263492814955956105e-02
-1.250146636605453318e-02
-1.231208850387143644e-02
-1.216727801799912662e-02
-1.203717211882880840e-02
-1.184034512064140177e-02
-1.165759633467715502e-02
-1.151093268946242788e-02
-1.131566552311135017e-02
-1.118105838430652650e-02
-1.098945315609684871e-02
-1.084767069998524881e-02
-1.065811508395741493e-02
-1.046145789656348704e-02
-1.032483042902236289e-02
-1.011871163971675772e-02
-9.970276344134080745e-03
-9.806305259899459129e-03
-9.621338611767511761e-03
-9.501618667059012063e-03
-9.334247987634158861e-03
-9.164346924319711346e-03
-8.995920624995516410e-03
-8.849491042843616803e-03
-8.620067417700584544e-03
-8.484700008914403471e-03
-8.295166763139230279e-03
-8.108168274756549776e-03
-7.960774291176012443e-03
-7.789408530660844529e-03
-7.646684932662867022e-03
-7.503518222599823810e-03
-7.341650167691036316e-03
-7.196066327994469353e-03
-7.051318635629705116e-03
-6.887361419772836980e-03
-6.707259066672951152e-03
-6.609447666750366789e-03
-6.443096350723855059e-03
-6.244557442907821068e-03
-6.080333852386509731e-03
-5.967206324381389877e-03
-5.799252753708502260e-03
-5.587805816157879503e-03
-5.509615885223619058e-03
-5.374069867836651915e-03
-5.242552901487143764e-03
-5.035081916631350095e-03
-4.911508954903143730e-03
-4.796914760782473690e-03
-4.623446214330547907e-03
-4.482996703370294676e-03
-4.388404957636938761e-03
-4.214637008022254980e-03
-4.037569556569784585e-03
-3.980594802187989271e-03
-3.820716839914773191e-03
-3.606226262698133348e-03
-3.527419537360913532e-03
-3.428809407992574297e-03
-3.324566975969127716e-03
-3.139907617112865524e-03
-3.054295028484065207e-03
-2.937398624561677902e-03
-2.805815523241501908e-03
-2.671233851591233149e-03
-2.566254168368479766e-03
-2.390413056856632770e-03
-2.301603652005173532e-03
-2.174954758876861301e-03
-2.139708130326712244e-03
-1.975278122583700585e-03
-1.838978480927261567e-03
-1.745691648066761883e-03
-1.679573361679519844e-03
-1.572975858161134496e-03
-1.475640156131189425e-03
-1.315113207414621418e-03
-1.301633376197922813e-03
-1.174846430521297221e-03
-1.061396869660344864e-03
-9.583350513074092138e-04
-8.489919278253104003e-04
-8.051089045684769975e-04
-7.069449756852583212e-04
-6.537695288165594519e-04
-5.777829893125053899e-04
-4.838398198129769041e-04
-4.279543986959401703e-04
-4.039841013726368744e-04
-2.797758719849073594e-04
-1.884698711488989496e-04
-1.006174776200626972e-04
-8.948990483031936372e-05
-3.718370714742743320e-05
5.199384468830486541e-05
1.385571254434413689e-04
1.795412776309880177e-04
2.340714597844979121e-04
2.111540515032762986e-04
2.349954703352086281e-04
3.057973385618555388e-04
3.794141841550043525e-04
3.766362582631703070e-04
4.658486376546132910e-04
4.809099936913735561e-04
5.004079438022326779e-04
5.418073152667573058e-04
5.359885252983948890e-04
5.888144107168415088e-04
6.353770312584073330e-04
6.466515571306937242e-04
6.394127019180115713e-04
6.656431131289121048e-04
6.852413943079785829e-04
6.878176096103098955e-04
6.660584649745344326e-04
6.213079572771223504e-04
6.749731396817957967e-04
6.502466524334128998e-04
6.295095911782199773e-04
6.567211348563666094e-04
6.271508944173607427e-04
6.130314795789715797e-04
5.531471318226742311e-04
5.552804599301816232e-04
5.019100864848658698e-04
5.199714690451770873e-04
5.071347038828670451e-04
5.025108688192369980e-04
3.798678331454472586e-04
3.726553409107275470e-04
3.887561137425686163e-04
3.074399469467331667e-04
2.917047795886718812e-04
2.360782694816117744e-04
2.056174504237104621e-04
1.356101334913713155e-04
1.060327156073687896e-04
6.604444234591717205e-05
2.125034789639077416e-05
-7.557707768778045552e-05
-1.108232490170332773e-04
-1.353355939288628960e-04
-2.217881205554340690e-04
-2.907322636207761222e-04
-3.243723018038472848e-04
-4.049657205872673961e-04
-4.862832006394173586e-04
-5.458551259315471294e-04
-6.199190500459018016e-04
-6.167138177670588922e-04
-7.232381800057900755e-04
-8.146551601205807066e-04
-8.440878615821377582e-04
-8.813489357646018792e-04
-9.261027052799161111e-04
-9.542332691444118048e-04
-1.044895152759076767e-03
-1.126100876643070523e-03
-1.197883010679014811e-03
-1.292300346888259352e-03
-1.306803746023310663e-03
-1.337377416908161476e-03
-1.451161297358543028e-03
-1.514603809575354888e-03
-1.527436701392985863e-03
-1.602580877008408971e-03
-1.715665628180693559e-03
-1.699201273632669918e-03
-1.785242050559953178e-03
-1.866046400740266169e-03
-1.918999297857073433e-03
-2.011226258614206078e-03
-2.046831299584751795e-03
-2.092639612539961332e-03
-2.167440726533124105e-03
-2.191080898338188324e-03
-2.324085003780173263e-03
-2.351178410231372085e-03
-2.401816789705157797e-03
-2.446140140981498037e-03
-2.485674432463563441e-03
-2.535159143416746298e-03
-2.629738615019303668e-03
-2.659976211844575396e-03
-2.662151521715673454e-03
-2.753266637840997774e-03
-2.778420286801641659e-03
-2.808608786674878215e-03
-2.835463963582831020e-03
-2.939092395697158119e-03
-3.008917213392264638e-03
-3.020757969570605009e-03
-3.045935943782670987e-03
-3.116518736825057978e-03
-3.145839589437618173e-03
-3.210656163044926618e-03
-3.208923330970875950e-03
-3.292768029170027241e-03
-3.318431524954796371e-03
-3.334581854347694677e-03
-3.424167379212197763e-03
-3.505091458958140699e-03
-3.526924075950445443e-03
-3.541507766220138281e-03
-3.560970085381783782e-03
-3.657658580130051032e-03
-3.681493152010106851e-03
-3.777359728598769090e-03
-3.770427211678519571e-03
-3.829900811217387766e-03
-3.904841215148315437e-03
-3.907448970550651997e-03
-3.960022433294531005e-03
-4.028798316381050799e-03
-4.046692341512622172e-03
-4.064107206235133968e-03
-4.136436190661778312e-03
-4.205531950626823119e-03
-4.196666699822985958e-03
-4.251249793019861931e-03
-4.316029661672016529e-03
-4.358895939800806404e-03
-4.381409419841931357e-03
-4.444122483660727790e-03
-4.460633906312292882e-03
-4.552836401189351914e-03
-4.572704132259331443e-03
-4.610040971054547680e-03
-4.598771474568120673e-03
-4.699972292153877657e-03
-4.710022432984064741e-03
-4.773050262322164894e-03
-4.832376170600333545e-03
-4.838221453759353197e-03
-4.887053779264705425e-03
-4.902216185140910454e-03
-4.910586511522286972e-03
-4.999090583929404266e-03
-4.988403800986874678e-03
-5.021108555221438959e-03
-5.045540316238603280e-03
-5.108134929236730383e-03
-5.151972338039356378e-03
-5.148744867250049789e-03
-5.194125610462669088e-03
-5.238598423912191500e-03
-5.217701759986534578e-03
-5.222773594889589845e-03
-5.272766596106776699e-03
-5.254111285243157764e-03
-5.278277484645993098e-03
-5.285570528321972827e-03
-5.269145779096535802e-03
-5.282556929402682303e-03
-5.352169429531376983e-03
-5.373171998254344141e-03
-5.311040119883462043e-03
-5.304286688981400648e-03
-5.310829265526433723e-03
-5.309954070333371481e-03
-5.359966653268650842e-03
-5.360693367993096640e-03
-5.323693756071774634e-03
-5.326472664604438821e-03
-5.297625016684768401e-03
-5.335359514621533343e-03
-5.303982810138247773e-03
-5.260672996976593387e-03
-5.254144317897114537e-03
-5.244031850294413565e-03
-5.243359822752056108e-03
-5.173285929073177455e-03
-5.202583607359299346e-03
-5.197518183967852166e-03
-5.132787671339647702e-03
-5.151659612260483037e-03
-5.107927152820427273e-03
-5.102182700905148402e-03
-5.100761767290394946e-03
-5.062672372154510166e-03
-5.003149064712150706e-03
-4.982166509961223969e-03
-4.968445082028740724e-03
-4.951813059256953732e-03
-4.917366188154909459e-03
-4.869206246481625096e-03
-4.818716287005663824e-03
-4.759733786482622450e-03
-4.802497526039254880e-03
-4.746462983372529143e-03
-4.717750390389490421e-03
-4.657095922447725828e-03
-4.578528362654034518e-03
-4.596141064476563613e-03
-4.546402471124408318e-03
-4.492912109004938703e-03
-4.479748141869124498e-03
-4.452293671945618467e-03
-4.372722487639342862e-03
-4.351567337354435815e-03
-4.308172817247226359e-03
-4.283993972383571061e-03
-4.234315981691771057e-03
-4.173814849892188393e-03
-4.136584744372795615e-03
-4.116962232719181651e-03
-4.048809173160871494e-03
-4.086022230120144212e-03
-4.046244377847834674e-03
-4.015221138485739610e-03
-3.957170554839351852e-03
-3.934651883965283731e-03
-3.911030433797329023e-03
-3.878577942358616727e-03
-3.830458406381938644e-03
-3.833064276290885312e-03
-3.813104673244050672e-03
-3.786153027826171923e-03
-3.707730418828843362e-03
-3.722587883241246925e-03
-3.711613561883595532e-03
-3.705539211584818558e-03
-3.626806369835287609e-03
-3.626622816966725091e-03
-3.635069405299811394e-03
-3.638002807313734949e-03
-3.608438605281177880e-03
-3.620584051355257328e-03
-3.560965976680547339e-03
-3.600849831221102949e-03
-3.591616182399068671e-03
-3.512054563441715290e-03
-3.582843618167897998e-03
-3.500489589889930163e-03
-3.508518896270687408e-03
-3.472844835400351864e-03
-3.506609999708804395e-03
